           0.6150,  0.6150,  0.6150, -0.6035],
         [-0.6035,  0.6150,  0.6150,  0.6150,  0.6150,  0.6150,  0.6150,
           0.6150,  0.6150,  0.6150, -0.6035]],

        [[ 0.0000,  0.0000,  0.0000,  0.0000,  0.0000,  0.0000,  0.0000,
           0.0000,  0.0000,  0.0000,  0.0000],
         [ 0.0000, -1.0890, -1.0890, -1.0890, -1.0890,  0.0000,  0.0000,
           0.0000,  0.0000,  0.0000,  0.0000],
         [-0.6035, -1.0890,  0.6150,  0.6150, -1.0890,  0.0000,  0.0000,
           0.0000,  0.0000,  0.0000,  0.0000],
         [-0.6035,  0.6150,  0.6150,  0.6150, -1.3388, -1.3388, -0.4822,
           0.0000, -1.3388,  0.0000,  0.0000],
         [-0.6035,  0.6150,  0.6150, -0.4822, -0.4822, -0.4822,  0.6150,
           1.2252,  1.2252,  1.2252, -0.6035],
         [-0.6035,  0.6150,  0.6150,  0.6150,  0.6150,  0.6150,  0.6150,
           0.6150, -1.4434,  0.6150, -0.6035],
         [-0.6035,  0.6150,  0.6150,  0.6150,  0.6150,  0.6150,  0.6150,
           0.6150, -1.4434,  0.6150, -0.6035],
         [-0.6035,  0.6150,  0.6150,  0.6150,  0.6150,  0.6150,  0.6150,
           0.6150,  0.6150,  0.6150, -0.6035],
         [-0.6035,  0.6150,  0.6150,  0.6150,  0.6150,  0.6150,  0.6150,
           0.6150,  0.6150,  0.6150, -0.6035],
         [-0.6035,  0.6150,  0.6150,  0.6150,  0.6150,  0.6150,  0.6150,
           0.6150,  0.6150,  0.6150, -0.6035],
         [-0.6035,  0.6150,  0.6150,  0.6150,  0.6150,  0.6150,  0.6150,
           0.6150,  0.6150,  0.6150, -0.6035]],

        [[ 0.0000,  0.0000,  0.0000,  0.0000,  0.0000,  0.0000,  0.0000,
           0.0000,  0.0000,  0.0000,  0.0000],
         [ 0.0000, -1.0890, -1.0890,  0.0000,  0.0000,  0.0000,  0.0000,
           0.0000,  0.0000,  0.0000,  0.0000],
         [-0.6035, -1.0890, -1.0890, -1.0890, -1.0890, -1.0890,  0.0000,
           0.0000,  0.0000,  0.0000,  0.0000],
         [-0.6035,  0.6150,  0.6150,  0.6150, -0.4822, -1.3388, -1.3388,
          -1.3388,  0.0000, -1.3388,  0.0000],
         [-0.6035,  0.6150,  0.6150,  0.6150,  0.6150, -0.4822, -0.4822,
           1.2252,  1.2252,  0.6150, -0.6035],
         [-0.6035,  0.6150,  0.6150,  0.6150,  0.6150,  0.6150,  0.6150,
           0.6150,  0.6150,  0.6150, -0.6035],
         [-0.6035,  0.6150,  0.6150,  0.6150,  0.6150,  0.6150,  0.6150,
           0.6150,  0.6150,  0.6150, -0.6035],
         [-0.6035,  0.6150,  0.6150,  0.6150,  0.6150,  0.6150,  0.6150,
           0.6150,  0.6150,  0.6150, -0.6035],
         [-0.6035,  0.6150,  0.6150,  0.6150,  0.6150,  0.6150,  0.6150,
           0.6150,  0.6150,  0.6150, -0.6035],
         [-0.6035,  0.6150,  0.6150,  0.6150,  0.6150,  0.6150,  0.6150,
           0.6150,  0.6150,  0.6150, -0.6035],
         [-0.6035,  0.6150,  0.6150,  0.6150,  0.6150,  0.6150,  0.6150,
           0.6150,  0.6150,  0.6150, -0.6035]],

        [[ 0.0000,  0.0000,  0.0000,  0.0000,  0.0000,  0.0000,  0.0000,
           0.0000,  0.0000,  0.0000,  0.0000],
         [ 0.0000,  0.0000,  0.0000,  0.0000,  0.0000,  0.0000,  0.0000,
           0.0000,  0.0000,  0.0000,  0.0000],
         [-0.6035, -0.6035, -0.6035, -0.6035, -0.6035,  0.0000,  0.0000,
           0.0000,  0.0000,  0.0000,  0.0000],
         [-0.6035, -0.6035, -0.6035, -0.6035, -0.6035, -0.6035,  0.0000,
           0.0000,  0.0000,  0.0000,  0.0000],
         [-0.6035, -0.6035, -0.6035, -0.6035, -0.6035, -0.6035, -0.6035,
          -0.6035, -0.6035, -0.6035, -0.6035],
         [-0.6035, -0.6035, -0.6035, -0.6035, -0.6035, -0.6035, -0.6035,
          -0.6035, -0.6035, -0.6035, -0.6035],
         [-0.6035, -0.6035, -0.6035, -0.6035, -0.6035, -0.6035, -0.6035,
          -0.6035, -0.6035, -0.6035, -0.6035],
         [-0.6035, -0.6035, -0.6035, -0.6035, -0.6035, -0.6035, -0.6035,
          -0.6035, -0.6035, -0.6035, -0.6035],
         [-0.6035, -0.6035, -0.6035, -0.6035, -0.6035, -0.6035, -0.6035,
          -0.6035, -0.6035, -0.6035, -0.6035],
         [-0.6035, -0.6035, -0.6035, -0.6035, -0.6035, -0.6035, -0.6035,
          -0.6035, -0.6035, -0.6035, -0.6035],
         [-0.6035, -0.6035, -0.6035, -0.6035, -0.6035, -0.6035, -0.6035,
          -0.6035, -0.6035, -0.6035, -0.6035]]])
tensor([[[ 0.0000,  0.0000,  0.0000,  0.0000,  0.0000,  0.0000,  0.0000,
           0.0000,  0.0000,  0.0000,  0.0000],
         [ 0.0000,  0.0000,  0.0000,  0.0000,  0.0000,  0.0000,  0.0000,
           0.0000,  0.0000,  0.0000,  0.0000],
         [ 0.0000,  0.0000,  0.0000,  0.0000,  0.0000,  0.0000,  0.0000,
           0.0000,  0.0000,  0.0000,  0.0000],
         [ 0.0000,  0.0000,  0.0000,  0.0000,  0.0000,  0.0000,  0.0000,
           0.0000,  0.0000,  0.0000,  0.0000],
         [ 0.0000,  0.0000,  0.0000,  0.0000,  0.0000,  0.0000,  0.0000,
           0.0000,  0.0000,  0.0000,  0.0000],
         [ 0.0000,  0.0000,  0.0000,  0.0000,  0.0000,  0.0000,  0.0000,
           0.0000,  0.0000,  0.0000,  0.0000],
         [ 0.0000,  0.0000,  0.0000,  0.0000,  0.0000,  0.0000,  0.0000,
           0.0000,  0.0000,  0.0000,  0.0000],
         [ 0.0000,  0.0000,  0.0000,  0.0000,  0.0000,  0.0000,  0.0000,
           0.0000,  0.0000,  0.0000,  0.0000],
         [ 0.0000,  0.0000,  0.0000,  0.0000,  0.0000,  0.0000,  0.0000,
           0.0000,  0.0000,  0.0000,  0.0000],
         [ 0.0000,  0.0000,  0.0000,  0.0000,  0.0000,  0.0000,  0.0000,
           0.0000,  0.0000,  0.0000,  0.0000],
         [ 0.0000,  0.0000,  0.0000,  0.0000,  0.0000,  0.0000,  0.0000,
           0.0000,  0.0000,  0.0000,  0.0000]],

        [[ 0.0000,  0.0000,  0.0000,  0.0000,  0.0000,  0.0000,  0.0000,
           0.0000,  0.0000,  0.0000,  0.0000],
         [ 0.0000,  0.0000,  0.0000,  0.0000,  0.0000,  0.0000,  0.0000,
           0.0000,  0.0000,  0.0000,  0.0000],
         [ 0.0000,  0.0000,  0.0000,  0.0000,  0.0000,  0.0000,  0.0000,
           0.0000,  0.0000,  0.0000,  0.0000],
         [ 0.0000,  0.0000,  0.0000,  0.0000,  0.0000,  0.0000,  0.0000,
           0.0000,  0.0000,  0.0000,  0.0000],
         [ 0.0000,  0.0000,  0.0000,  0.0000,  0.0000,  0.0000,  0.0000,
           0.0000,  0.0000,  0.0000,  0.0000],
         [ 0.0000,  0.0000,  0.0000,  0.0000,  0.0000,  0.0000,  0.0000,
           0.0000,  0.0000,  0.0000,  0.0000],
         [ 0.0000,  0.0000,  0.0000,  0.0000,  0.0000,  0.0000,  0.0000,
           0.0000,  0.0000,  0.0000,  0.0000],
         [ 0.0000,  0.0000,  0.0000,  0.0000,  0.0000,  0.0000,  0.0000,
           0.0000,  0.0000,  0.0000,  0.0000],
         [ 0.0000,  0.0000,  0.0000,  0.0000,  0.0000,  0.0000,  0.0000,
           0.0000,  0.0000,  0.0000,  0.0000],
         [ 0.0000,  0.0000,  0.0000,  0.0000,  0.0000,  0.0000,  0.0000,
           0.0000,  0.0000,  0.0000,  0.0000],
         [ 0.0000,  0.0000,  0.0000,  0.0000,  0.0000,  0.0000,  0.0000,
           0.0000,  0.0000,  0.0000,  0.0000]],

        [[ 0.0000,  0.0000,  0.0000,  0.0000,  0.0000,  0.0000,  0.0000,
           0.0000,  0.0000,  0.0000,  0.0000],
         [ 0.0000,  0.0000,  0.0000,  0.0000,  0.0000,  0.0000,  0.0000,
           0.0000,  0.0000,  0.0000,  0.0000],
         [ 0.0000,  0.0000,  0.0000,  0.0000,  0.0000,  0.0000,  0.0000,
           0.0000,  0.0000,  0.0000,  0.0000],
         [ 0.0000,  0.0000,  0.0000,  0.0000,  0.0000,  0.0000,  0.0000,
           0.0000,  0.0000,  1.3256,  0.0000],
         [ 0.0000,  0.0000,  0.0000,  0.0000,  0.0000,  0.0000,  0.0000,
           0.0000,  0.0000,  0.0000,  0.0000],
         [ 0.0000,  0.0000,  0.0000,  0.0000,  0.0000,  0.0000,  0.0000,
           0.0000,  0.0000,  0.0000,  0.0000],
         [ 0.0000,  0.0000,  0.0000,  0.0000,  0.0000,  0.0000,  0.0000,
           0.0000,  0.0000,  0.0000,  0.0000],
         [ 0.0000,  0.0000,  0.0000,  0.0000,  0.0000,  0.0000,  0.0000,
           0.0000,  0.0000,  0.0000,  0.0000],
         [ 0.0000,  0.0000,  0.0000,  0.0000,  0.0000,  0.0000,  0.0000,
           0.0000,  0.0000,  0.0000,  0.0000],
         [ 0.0000,  0.0000,  0.0000,  0.0000,  0.0000,  0.0000,  0.0000,
           0.0000,  0.0000,  0.0000,  0.0000],
         [ 0.0000,  0.0000,  0.0000,  0.0000,  0.0000,  0.0000,  0.0000,
           0.0000,  0.0000,  0.0000,  0.0000]],

        [[ 0.0000,  0.0000,  0.0000,  0.0000,  0.0000,  0.0000,  0.0000,
           0.0000,  0.0000,  0.0000,  0.0000],
         [ 0.0000,  0.0000,  0.0000,  0.0000,  0.0000,  0.0000,  0.0000,
           0.0000,  0.0000,  0.0000,  0.0000],
         [ 0.0000,  0.0000,  0.0000,  0.0000,  0.0000,  0.0000,  0.0000,
           0.0000,  0.0000,  0.0000,  0.0000],
         [ 0.0000,  0.0000,  0.0000,  0.0000,  0.0000,  0.0000,  0.0000,
           0.0000,  1.1698,  0.0000,  0.0000],
         [ 0.0000,  0.0000,  0.0000,  0.0000,  0.0000,  0.0000,  0.0000,
           0.0000,  0.0000,  0.0000,  0.0000],
         [ 0.0000,  0.0000,  0.0000,  0.0000,  0.0000,  0.0000,  0.0000,
           0.0000,  0.0000,  0.0000,  0.0000],
         [ 0.0000,  0.0000,  0.0000,  0.0000,  0.0000,  0.0000,  0.0000,
           0.0000,  0.0000,  0.0000,  0.0000],
         [ 0.0000,  0.0000,  0.0000,  0.0000,  0.0000,  0.0000,  0.0000,
           0.0000,  0.0000,  0.0000,  0.0000],
         [ 0.0000,  0.0000,  0.0000,  0.0000,  0.0000,  0.0000,  0.0000,
           0.0000,  0.0000,  0.0000,  0.0000],
         [ 0.0000,  0.0000,  0.0000,  0.0000,  0.0000,  0.0000,  0.0000,
           0.0000,  0.0000,  0.0000,  0.0000],
         [ 0.0000,  0.0000,  0.0000,  0.0000,  0.0000,  0.0000,  0.0000,
           0.0000,  0.0000,  0.0000,  0.0000]],

        [[ 0.0000,  0.0000,  0.0000,  0.0000,  0.0000,  0.0000,  0.0000,
           0.0000,  0.0000,  0.0000,  0.0000],
         [ 0.0000,  0.0000,  0.0000,  0.0000,  0.0000,  0.0000,  0.0000,
           0.0000,  0.0000,  0.0000,  0.0000],
         [ 0.0000,  0.0000,  0.0000,  0.0000,  0.0000,  0.0000,  0.0000,
           0.0000,  0.0000,  0.0000,  0.0000],
         [ 0.0000,  0.0000,  0.0000,  0.0000,  0.0000,  0.0000,  0.0000,
           0.0000,  0.0000,  0.0000,  0.0000],
         [ 0.0000,  0.0000,  0.0000,  0.0000,  0.0000,  0.0000,  0.0000,
           0.0000,  0.0000,  0.0000,  0.0000],
         [ 0.0000,  0.0000,  0.0000,  0.0000,  0.0000,  0.0000,  0.0000,
           0.0000,  0.0000,  0.0000,  0.0000],
         [ 0.0000,  0.0000,  0.0000,  0.0000,  0.0000,  0.0000,  0.0000,
           0.0000,  0.0000,  0.0000,  0.0000],
         [ 0.0000,  0.0000,  0.0000,  0.0000,  0.0000,  0.0000,  0.0000,
           0.0000,  0.0000,  0.0000,  0.0000],
         [ 0.0000,  0.0000,  0.0000,  0.0000,  0.0000,  0.0000,  0.0000,
           0.0000,  0.0000,  0.0000,  0.0000],
         [ 0.0000,  0.0000,  0.0000,  0.0000,  0.0000,  0.0000,  0.0000,
           0.0000,  0.0000,  0.0000,  0.0000],
         [ 0.0000,  0.0000,  0.0000,  0.0000,  0.0000,  0.0000,  0.0000,
           0.0000,  0.0000,  0.0000,  0.0000]],

        [[ 0.0000,  0.0000,  0.0000,  0.0000,  0.0000,  0.0000,  0.0000,
           0.0000,  0.0000,  0.0000,  0.0000],
         [ 0.0000,  0.0000,  0.0000,  0.0000,  0.0000,  0.0000,  0.0000,
           0.0000,  0.0000,  0.0000,  0.0000],
         [ 0.0000,  0.0000,  0.0000,  0.0000,  0.0000,  0.0000,  0.0000,
           0.0000,  0.0000,  0.0000,  0.0000],
         [ 0.0000,  0.0000,  0.0000,  0.0000,  0.0000,  0.0000,  0.0000,
           0.0000,  0.0000,  0.0000,  0.0000],
         [ 0.0000,  0.0000,  0.0000,  0.0000,  0.0000,  0.0000,  0.0000,
           0.0000,  0.0000,  0.0000,  0.0000],
         [ 0.0000,  0.0000,  0.0000,  0.0000,  0.0000,  0.0000,  0.0000,
           0.0000,  0.0000,  0.0000,  0.0000],
         [ 0.0000,  0.0000,  0.0000,  0.0000,  0.0000,  0.0000,  0.0000,
           0.0000,  0.0000,  0.0000,  0.0000],
         [ 0.0000,  0.0000,  0.0000,  0.0000,  0.0000,  0.0000,  0.0000,
           0.0000,  0.0000,  0.0000,  0.0000],
         [ 0.0000,  0.0000,  0.0000,  0.0000,  0.0000,  0.0000,  0.0000,
           0.0000,  0.0000,  0.0000,  0.0000],
         [ 0.0000,  0.0000,  0.0000,  0.0000,  0.0000,  0.0000,  0.0000,
           0.0000,  0.0000,  0.0000,  0.0000],
         [ 0.0000,  0.0000,  0.0000,  0.0000,  0.0000,  0.0000,  0.0000,
           0.0000,  0.0000,  0.0000,  0.0000]],

        [[ 0.0000,  0.0000,  0.0000,  0.0000,  0.0000,  0.0000,  0.0000,
           0.0000,  0.0000,  0.0000,  0.0000],
         [ 0.0000,  0.0000,  0.0000,  0.0000,  0.0000,  0.0000,  0.0000,
           0.0000,  0.0000,  0.0000,  0.0000],
         [ 0.0000,  0.0000,  0.0000,  0.0000,  0.0000,  0.0000,  0.0000,
           0.0000,  0.0000,  0.0000,  0.0000],
         [ 0.0000,  0.0000,  0.0000,  0.0000,  0.0000,  0.0000,  0.0000,
           0.0000,  0.0000,  0.0000,  0.0000],
         [ 0.0000,  0.0000,  0.0000,  0.0000,  0.0000,  0.0000,  0.0000,
           0.0000,  0.0000,  0.0000,  0.0000],
         [ 0.0000,  0.0000,  0.0000,  0.0000, -1.0817,  0.0000,  0.0000,
           0.0000,  0.0000,  0.0000,  0.0000],
         [ 0.0000,  0.0000,  0.0000,  0.0000,  0.0000,  0.0000,  0.0000,
           0.0000,  0.0000,  0.0000,  0.0000],
         [ 0.0000,  0.0000,  0.0000,  0.0000,  0.0000,  0.0000,  0.0000,
           0.0000,  0.0000,  0.0000,  0.0000],
         [ 0.0000,  0.0000,  0.0000,  0.0000,  0.0000,  0.0000,  0.0000,
           0.0000,  0.0000,  0.0000,  0.0000],
         [ 0.0000,  0.0000,  0.0000,  0.0000,  0.0000,  0.0000,  0.0000,
           0.0000,  0.0000,  0.0000,  0.0000],
         [ 0.0000,  0.0000,  0.0000,  0.0000,  0.0000,  0.0000,  0.0000,
           0.0000,  0.0000,  0.0000,  0.0000]],

        [[ 0.0000,  0.0000,  0.0000,  0.0000,  0.0000,  0.0000,  0.0000,
           0.0000,  0.0000,  0.0000,  0.0000],
         [ 0.0000,  0.0000,  0.0000,  0.0000,  0.0000,  0.0000,  0.0000,
           0.0000,  0.0000,  0.0000,  0.0000],
         [ 0.0000,  0.0000,  0.0000,  0.0000,  0.0000,  0.0000,  0.0000,
           0.0000,  0.0000,  0.0000,  0.0000],
         [ 0.0000,  0.0000,  0.0000,  0.0000,  0.0000,  0.0000,  0.0000,
           0.0000,  0.0000,  0.0000,  0.0000],
         [ 0.0000,  0.0000,  0.0000,  0.0000,  0.0000,  0.0000,  0.0000,
           0.0000,  0.0000,  0.0000,  0.0000],
         [ 0.0000,  0.0000,  0.0000,  0.0000,  0.0000,  0.0000,  0.0000,
           0.0000,  0.0000,  0.0000,  0.0000],
         [ 0.0000,  0.0000,  0.0000,  0.0000,  0.0000,  0.0000,  0.0000,
           0.0000,  0.0000,  0.0000,  0.0000],
         [ 0.0000,  0.0000,  0.0000,  0.0000,  0.0000,  0.0000,  0.0000,
           0.0000,  0.0000,  0.0000,  0.0000],
         [ 0.0000,  0.0000,  0.0000,  0.0000,  0.0000,  0.0000,  0.0000,
           0.0000,  0.0000,  0.0000,  0.0000],
         [ 0.0000,  0.0000,  0.0000,  0.0000,  0.0000,  0.0000,  0.0000,
           0.0000,  0.0000,  0.0000,  0.0000],
         [ 0.0000,  0.0000,  0.0000,  0.0000,  0.0000,  0.0000,  0.0000,
           0.0000,  0.0000,  0.0000,  0.0000]],

        [[ 0.0000,  0.0000,  0.0000,  0.0000,  0.0000,  0.0000,  0.0000,
           0.0000,  0.0000,  0.0000,  0.0000],
         [ 0.0000,  0.0000,  0.0000,  0.0000,  0.0000,  0.0000,  0.0000,
           0.0000,  0.0000,  0.0000,  0.0000],
         [ 0.0000,  0.0000,  0.0000,  0.0000,  0.0000,  0.0000,  0.0000,
           0.0000,  0.0000,  0.0000,  0.0000],
         [ 0.0000,  0.0000,  0.0000,  0.0000,  0.0000,  0.0000,  0.0000,
           0.0000,  0.0000,  0.0000,  0.0000],
         [ 0.0000,  0.0000,  0.0000,  0.0000,  0.0000,  0.0000,  0.0000,
           0.0000,  0.0000,  0.0000,  0.0000],
         [ 0.0000,  0.0000,  0.0000,  0.0000,  0.0000,  0.0000,  0.0000,
           0.0000,  0.0000,  0.0000,  0.0000],
         [ 0.0000,  0.0000,  0.0000,  0.0000,  0.0000,  0.0000,  0.0000,
           0.0000,  0.0000,  0.0000,  0.0000],
         [ 0.0000,  0.0000,  0.0000,  0.0000,  0.0000,  0.0000,  0.0000,
           0.0000,  0.0000,  0.0000,  0.0000],
         [ 0.0000,  0.0000,  0.0000,  0.0000,  0.0000,  0.0000,  0.0000,
           0.0000,  0.0000,  0.0000,  0.0000],
         [ 0.0000,  0.0000,  0.0000,  0.0000,  0.0000,  0.0000,  0.0000,
           0.0000,  0.0000,  0.0000,  0.0000],
         [ 0.0000,  0.0000,  0.0000,  0.0000,  0.0000,  0.0000,  0.0000,
           0.0000,  0.0000,  0.0000,  0.0000]],

        [[ 0.0000,  0.0000,  0.0000,  0.0000,  0.0000,  0.0000,  0.0000,
           0.0000,  0.0000,  0.0000,  0.0000],
         [ 0.0000,  0.0000,  0.0000,  0.0000,  0.0000,  0.0000,  0.0000,
           0.0000,  0.0000,  0.0000,  0.0000],
         [ 0.0000,  0.0000,  0.0000,  0.0000,  0.0000,  0.0000,  0.0000,
           0.0000,  0.0000,  0.0000,  0.0000],
         [ 0.0000,  0.0000,  0.0000,  0.0000,  0.0000,  0.0000,  0.0000,
           0.0000,  0.0000,  0.0000,  0.0000],
         [ 0.0000,  0.0000,  0.0000,  0.0000,  0.0000,  0.0000,  0.0000,
           0.0000,  0.0000,  0.0000,  0.0000],
         [ 0.0000,  0.0000,  0.0000,  0.0000,  0.0000,  0.0000,  0.0000,
           0.0000,  0.0000,  0.0000,  0.0000],
         [ 0.0000,  0.0000,  0.0000,  0.0000,  0.0000,  0.0000,  0.0000,
           0.0000,  0.0000,  0.0000,  0.0000],
         [ 0.0000,  0.0000,  0.0000,  0.0000,  0.0000,  0.0000,  0.0000,
           0.0000,  0.0000,  0.0000,  0.0000],
         [ 0.0000,  0.0000,  0.0000,  0.0000,  0.0000,  0.0000,  0.0000,
           0.0000,  0.0000,  0.0000,  0.0000],
         [ 0.0000,  0.0000,  0.0000,  0.0000,  0.0000,  0.0000,  0.0000,
           0.0000,  0.0000,  0.0000,  0.0000],
         [ 0.0000,  0.0000,  0.0000,  0.0000,  0.0000,  0.0000,  0.0000,
           0.0000,  0.0000,  0.0000,  0.0000]],

        [[ 0.0000,  0.0000,  0.0000,  0.0000,  0.0000,  0.0000,  0.0000,
           0.0000,  0.0000,  0.0000,  0.0000],
         [ 0.0000,  0.0000,  0.0000,  0.0000,  0.0000,  0.0000,  0.0000,
           0.0000,  0.0000,  0.0000,  0.0000],
         [ 0.0000,  0.0000,  0.0000,  0.0000,  0.0000,  0.0000,  0.0000,
           0.0000,  0.0000,  0.0000,  0.0000],
         [ 0.0000,  0.0000,  0.0000,  0.0000,  0.0000,  0.0000,  0.0000,
           0.0000,  0.0000,  0.0000,  0.0000],
         [ 0.0000,  0.0000,  0.0000,  0.0000,  0.0000,  0.0000,  0.0000,
           0.0000,  0.0000,  0.0000,  0.0000],
         [ 0.0000,  0.0000,  0.0000,  0.0000,  0.0000,  0.0000,  0.0000,
           0.0000,  0.0000,  0.0000,  0.0000],
         [ 0.0000,  0.0000,  0.0000,  0.0000,  0.0000,  0.0000,  0.0000,
           0.0000,  0.0000,  0.0000,  0.0000],
         [ 0.0000,  0.0000,  0.0000,  0.0000,  0.0000,  0.0000,  0.0000,
           0.0000,  0.0000,  0.0000,  0.0000],
         [ 0.0000,  0.0000,  0.0000,  0.0000,  0.0000,  0.0000,  0.0000,
           0.0000,  0.0000,  0.0000,  0.0000],
         [ 0.0000,  0.0000,  0.0000,  0.0000,  0.0000,  0.0000,  0.0000,
           0.0000,  0.0000,  0.0000,  0.0000],
         [ 0.0000,  0.0000,  0.0000,  0.0000,  0.0000,  0.0000,  0.0000,
           0.0000,  0.0000,  0.0000,  0.0000]]])
torch.Size([1, 39])
tensor([ 7.0000,  7.0000,  5.0000,  0.5190,  3.6699,  0.6150,  0.0000,  0.6150,
         0.0000,  0.6150,  0.0000,  0.6150,  0.0000,  0.6150,  0.0000,  0.6150,
         0.0000,  0.6150,  0.0000,  0.6150,  0.0000,  0.6150,  0.0000,  0.6150,
         0.0000,  0.6150,  0.0000,  0.6150,  0.0000,  0.6150,  0.0000,  0.6150,
         0.0000,  0.6150,  0.0000,  0.6150,  0.0000, 20.0000,  0.0000])
env:  1500
model:  1098100
env:  1600
model:  1098200
model:  248500
model:  1098300
env:  1700
model:  1098400
env:  1800
model:  1098500
env:  1900
model:  1098600
env:  2000
model:  248600
model:  1098700
env:  2100
model:  1098800
env:  2200
model:  1098900
env:  2300
model:  1099000
model:  1099100
env:  2400
model:  248700
model:  1099200
env:  2500
model:  1099300
env:  2600
model:  1099400
env:  2700
model:  1099500
env:  2800
model:  248800
model:  1099600
env:  2900
model:  1099700
model:  1099800
env:  3000
model:  1099900
env:  3100
model:  1100000
env:  3200
model:  248900
model:  1100100
env:  3300
model:  1100200
env:  3400
model:  1100300
env:  3500
model:  1100400
env:  3600
model:  1100500
model:  249000
model:  1100600
env:  3700
model:  1100700
env:  3800
model:  1100800
env:  3900
model:  1100900
env:  4000
model:  249100
model:  1101000
env:  4100
model:  1101100
env:  4200
model:  1101200
env:  4300
model:  1101300
model:  1101400
env:  4400
model:  249200
model:  1101500
env:  4500
model:  1101600
env:  4600
model:  1101700
env:  4700
model:  1101800
env:  4800
model:  249300
model:  1101900
env:  4900
model:  1102000
env:  5000
----------------------------------
| rollout/            |          |
|    ep_len_mean      | 2.21e+03 |
|    ep_rew_mean      | -6.15    |
|    exploration_rate | 0.1      |
| time/               |          |
|    episodes         | 384      |
|    fps              | 147      |
|    time_elapsed     | 6777     |
|    total_timesteps  | 997478   |
| train/              |          |
|    learning_rate    | 0.001    |
|    loss             | 8.06e-05 |
|    n_updates        | 249344   |
----------------------------------
model:  1102100
env:  100
model:  1102200
model:  1102300
env:  200
model:  249400
model:  1102400
env:  300
model:  1102500
env:  400
model:  1102600
env:  500
model:  1102700
env:  600
model:  249500
model:  1102800
env:  700
model:  1102900
env:  800
model:  1103000
model:  1103100
env:  900
model:  1103200
env:  1000
model:  249600
model:  1103300
env:  1100
model:  1103400
env:  1200
model:  1103500
env:  1300
model:  1103600
env:  1400
model:  1103700
model:  249700
model:  1103800
env:  1500
model:  1103900
env:  1600
model:  1104000
torch.Size([1, 2, 11, 11, 11])
tensor([[[ 0.0000,  0.0000,  0.0000,  0.0000,  0.0000,  0.0000,  0.0000,
           0.0000,  0.0000,  0.0000,  0.0000],
         [ 0.0000,  0.0000,  0.0000,  0.0000,  0.0000,  0.0000,  0.0000,
           0.0000,  0.0000,  0.0000,  0.0000],
         [ 0.0000,  0.0000,  0.0000,  0.0000,  0.0000,  0.0000, -0.6035,
          -0.6035,  0.0000, -0.6035,  0.0000],
         [ 0.0000,  0.0000,  0.0000,  0.0000,  0.0000,  0.0000, -0.6035,
          -0.6035, -0.6035, -0.6035, -0.6035],
         [-0.6035, -0.6035, -0.6035, -0.6035, -0.6035, -0.6035, -0.6035,
          -0.6035, -0.6035, -0.6035, -0.6035],
         [-0.6035, -0.6035, -0.6035, -0.6035, -0.6035, -0.6035, -0.6035,
          -0.6035, -0.6035, -0.6035, -0.6035],
         [-0.6035, -0.6035, -0.6035, -0.6035, -0.6035, -0.6035, -0.6035,
          -0.6035, -0.6035, -0.6035, -0.6035],
         [-0.6035, -0.6035, -0.6035, -0.6035, -0.6035, -0.6035, -0.6035,
          -0.6035, -0.6035, -0.6035, -0.6035],
         [-0.6035, -0.6035, -0.6035, -0.6035, -0.6035, -0.6035, -0.6035,
          -0.6035, -0.6035, -0.6035, -0.6035],
         [-0.6035, -0.6035, -0.6035, -0.6035, -0.6035, -0.6035, -0.6035,
          -0.6035, -0.6035, -0.6035, -0.6035],
         [-0.6035, -0.6035, -0.6035, -0.6035, -0.6035, -0.6035, -0.6035,
          -0.6035, -0.6035, -0.6035, -0.6035]],

        [[ 0.0000,  0.0000,  0.0000,  0.0000,  0.0000,  0.0000,  0.0000,
           0.0000,  0.0000,  0.0000,  0.0000],
         [ 0.0000,  0.0000,  0.0000,  0.0000,  0.0000,  0.0000,  0.0000,
           0.0000,  0.0000,  0.0000,  0.0000],
         [ 0.0000,  0.0000,  0.0000,  0.0000,  0.0000,  0.0000, -1.0890,
          -1.0890, -1.0890, -1.0890, -0.6035],
         [ 0.0000,  0.0000,  0.0000,  0.0000,  0.0000,  0.0000,  1.4439,
           1.4439,  1.4439,  1.9050, -0.6035],
         [-0.6035, -0.4822, -0.4822, -0.4822, -0.4822, -0.4822,  1.4439,
           1.9050,  1.9050,  1.9050, -0.6035],
         [-0.6035,  0.6150,  0.6150,  0.6150,  0.6150,  0.6150,  0.6150,
           0.6150,  0.6150,  0.6150, -0.6035],
         [-0.6035,  0.6150,  0.6150,  0.6150,  0.6150,  0.6150,  0.6150,
           0.6150,  0.6150,  0.6150, -0.6035],
         [-0.6035,  0.6150,  0.6150,  0.6150,  0.6150,  0.6150,  0.6150,
           0.6150,  0.6150,  0.6150, -0.6035],
         [-0.6035,  0.6150,  0.6150,  0.6150,  0.6150,  0.6150,  0.6150,
           0.6150,  0.6150,  0.6150, -0.6035],
         [-0.6035,  0.6150,  0.6150,  0.6150,  0.6150,  0.6150,  0.6150,
           0.6150,  0.6150,  0.6150, -0.6035],
         [-0.6035,  0.6150,  0.6150,  0.6150,  0.6150,  0.6150,  0.6150,
           0.6150,  0.6150,  0.6150, -0.6035]],

        [[ 0.0000,  0.0000,  0.0000,  0.0000,  0.0000,  0.0000,  0.0000,
           0.0000,  0.0000,  0.0000,  0.0000],
         [ 0.0000,  0.0000,  0.0000, -1.0890, -1.0890,  0.0000,  0.0000,
           0.0000,  0.0000,  0.0000,  0.0000],
         [ 0.0000,  0.0000,  0.0000, -1.0890, -1.0890,  0.0000,  0.0000,
          -1.0890, -1.0890, -1.0890,  0.0000],
         [ 0.0000,  0.0000,  0.0000,  0.0000, -1.3388, -1.3388,  1.4439,
           1.4439,  1.9050,  1.9050, -0.6035],
         [-0.6035, -0.4822, -0.4822, -0.4822, -0.4822, -0.4822,  1.4439,
           1.9050,  1.9050,  1.9050, -0.6035],
         [-0.6035,  0.6150,  0.6150,  0.6150,  0.6150,  0.6150,  0.6150,
           0.6150,  0.6150,  0.6150, -0.6035],
         [-0.6035,  0.6150,  0.6150,  0.6150,  0.6150,  0.6150,  0.6150,
           0.6150,  0.6150,  0.6150, -0.6035],
         [-0.6035,  0.6150,  0.6150,  0.4341,  0.6150,  0.6150,  0.6150,
           0.6150,  0.6150,  0.6150, -0.6035],
         [-0.6035,  0.6150,  0.6150,  0.6150,  0.6150,  0.6150,  0.6150,
           0.6150,  0.6150,  0.6150, -0.6035],
         [-0.6035,  0.6150,  0.6150,  0.6150,  0.6150,  0.6150,  0.6150,
           0.6150,  0.6150,  0.6150, -0.6035],
         [-0.6035,  0.6150,  0.6150,  0.6150,  0.6150,  0.6150,  0.6150,
           0.6150,  0.6150,  0.6150, -0.6035]],

        [[ 0.0000,  0.0000,  0.0000,  0.0000,  0.0000,  0.0000,  0.0000,
           0.0000,  0.0000,  0.0000,  0.0000],
         [ 0.0000,  0.0000, -1.0890, -1.2045, -1.2045, -1.0890,  0.0000,
           0.0000,  0.0000,  0.0000,  0.0000],
         [ 0.0000, -1.0890, -1.0890,  0.6150,  0.6150,  0.0000,  0.0000,
          -1.0890, -1.0890, -1.0890,  0.0000],
         [ 0.0000, -1.3388, -1.3388,  0.6150,  0.6150, -1.3388, -1.3388,
           1.4439,  1.9050,  1.9050, -0.6035],
         [-0.6035, -0.4822, -0.4822, -1.3388, -0.4822, -0.4822, -0.4822,
           1.4439,  1.9050,  1.9050, -0.6035],
         [-0.6035,  0.6150,  0.6150,  0.5917,  0.6150,  0.6150,  0.6150,
           0.6150,  0.6150,  0.6150, -0.6035],
         [-0.6035,  0.6150,  0.6150,  0.5917,  0.6150,  0.6150,  0.6150,
           0.6150,  0.6150,  0.6150, -0.6035],
         [-0.6035,  0.6150,  0.6150,  0.5917,  0.4341,  0.6150,  0.6150,
           0.6150,  0.6150,  0.6150, -0.6035],
         [-0.6035,  0.6150,  0.4341,  0.5917,  0.4341,  0.6150,  0.6150,
           0.6150,  0.6150,  0.6150, -0.6035],
         [-0.6035,  0.6150,  0.6150,  0.4341,  0.6150,  0.6150,  0.6150,
           0.6150,  0.6150,  0.6150, -0.6035],
         [-0.6035,  0.6150,  0.6150,  0.6150,  0.6150,  0.6150,  0.6150,
           0.6150,  0.6150,  0.6150, -0.6035]],

        [[ 0.0000,  0.0000,  0.0000,  0.0000,  0.0000,  0.0000,  0.0000,
           0.0000,  0.0000,  0.0000,  0.0000],
         [ 0.0000, -1.0890, -1.0890, -1.2045, -1.2045, -1.0890,  0.0000,
           0.0000,  0.0000,  0.0000,  0.0000],
         [ 0.0000, -1.0890,  0.6150,  0.6150,  0.6150, -1.0890,  0.0000,
           0.0000, -1.0890, -1.0890,  0.0000],
         [-0.6035, -1.3388,  0.6150,  0.6150,  0.6150, -0.4822, -1.3388,
          -1.3388,  1.4439,  1.4439, -0.6035],
         [-0.6035, -0.4822, -0.4822, -0.4822,  0.6150,  0.6150, -0.4822,
          -0.4822,  1.9050,  1.4439, -0.6035],
         [-0.6035,  0.6150,  0.6150,  0.6150,  0.6150,  0.6150,  0.6150,
           0.6150,  0.6150,  0.6150, -0.6035],
         [-0.6035,  0.6150,  0.6150,  0.6150,  0.6150,  0.6150,  0.6150,
           0.6150,  0.6150,  0.6150, -0.6035],
         [-0.6035,  0.6150,  0.6150,  0.6150,  0.4341,  0.6150,  0.6150,
           0.6150,  0.6150,  0.6150, -0.6035],
         [-0.6035,  0.6150,  0.6150,  0.4341,  0.6150,  0.6150,  0.6150,
           0.6150,  0.6150,  0.6150, -0.6035],
         [-0.6035,  0.6150,  0.6150,  0.6150,  0.6150,  0.6150,  0.6150,
           0.6150,  0.6150,  0.6150, -0.6035],
         [-0.6035,  0.6150,  0.6150,  0.6150,  0.6150,  0.6150,  0.6150,
           0.6150,  0.6150,  0.6150, -0.6035]],

        [[ 0.0000,  0.0000, -0.6035, -0.6035,  0.0000,  0.0000,  0.0000,
           0.0000,  0.0000,  0.0000,  0.0000],
         [ 0.0000, -1.0890, -1.0890, -1.2045, -1.0890,  0.0000,  0.0000,
           0.0000,  0.0000,  0.0000,  0.0000],
         [ 0.0000,  0.6150,  0.6150,  0.6150, -1.0890, -1.0890, -1.0890,
          -1.0890, -1.0890, -1.0890,  0.0000],
         [ 0.0000, -1.3388,  0.6150,  0.6150, -1.3388,  0.6150, -0.4822,
           0.6150,  0.6150, -1.3388,  0.0000],
         [-0.6035, -0.4822,  0.6150, -0.4822, -0.4822,  0.6150,  0.6150,
           0.6150, -0.4822, -0.4822, -0.6035],
         [-0.6035,  0.6150,  0.6150,  0.6150,  0.6150,  0.6150,  0.6150,
           0.6150,  0.6150,  0.6150, -0.6035],
         [-0.6035,  0.6150,  0.6150,  0.6150,  0.6150,  0.6150,  0.6150,
           0.6150,  0.6150,  0.6150, -0.6035],
         [-0.6035,  0.6150,  0.6150,  0.6150,  0.6150,  0.6150,  0.6150,
           0.6150,  0.6150,  0.6150, -0.6035],
         [-0.6035,  0.6150,  0.6150,  0.6150,  0.6150,  0.6150,  0.6150,
           0.6150,  0.6150,  0.6150, -0.6035],
         [-0.6035,  0.6150,  0.6150,  0.6150,  0.6150,  0.6150,  0.6150,
           0.6150,  0.6150,  0.6150, -0.6035],
         [-0.6035,  0.6150,  0.6150,  0.6150,  0.6150,  0.6150,  0.6150,
           0.6150,  0.6150,  0.6150, -0.6035]],

        [[ 0.0000,  0.0000,  0.0000,  0.0000,  0.0000,  0.0000,  0.0000,
           0.0000,  0.0000,  0.0000,  0.0000],
         [ 0.0000,  0.0000, -1.0890, -1.0890, -1.0890,  0.0000,  0.0000,
           0.0000,  0.0000,  0.0000,  0.0000],
         [ 0.0000, -1.0890,  0.6150,  0.6150, -1.0890, -1.0890, -1.0890,
          -1.0890, -1.0890,  0.0000,  0.0000],
         [ 0.0000, -1.3388,  0.6150,  0.6150, -1.3388, -1.3388,  0.6150,
          -1.3388, -1.3388, -0.4822, -0.6035],
         [-0.6035, -0.4822, -0.4822, -0.4822, -0.4822, -0.4822, -0.4822,
           0.6150, -0.4822,  0.6150, -0.6035],
         [-0.6035,  0.6150,  0.6150,  0.6150,  0.6150,  0.6150,  0.6150,
           0.6150,  0.6150,  0.6150, -0.6035],
         [-0.6035,  0.6150,  0.6150,  0.6150,  0.6150,  0.6150,  0.6150,
           0.6150,  0.6150,  0.6150, -0.6035],
         [-0.6035,  0.6150,  0.6150,  0.6150,  0.6150,  0.6150,  0.6150,
           0.6150,  0.6150,  0.6150, -0.6035],
         [-0.6035,  0.6150,  0.6150,  0.6150,  0.6150,  0.6150,  0.6150,
           0.6150,  0.6150,  0.6150, -0.6035],
         [-0.6035,  0.6150,  0.6150,  0.6150,  0.6150,  0.6150,  0.6150,
           0.6150,  0.6150,  0.6150, -0.6035],
         [-0.6035,  0.6150,  0.6150,  0.6150,  0.6150,  0.6150,  0.6150,
           0.6150,  0.6150,  0.6150, -0.6035]],

        [[ 0.0000,  0.0000, -0.6035, -0.6035,  0.0000,  0.0000,  0.0000,
           0.0000,  0.0000,  0.0000,  0.0000],
         [ 0.0000,  0.0000, -1.0890, -1.0890, -1.0890,  0.0000,  0.0000,
           0.0000,  0.0000,  0.0000,  0.0000],
         [-0.6035, -1.0890,  0.6150,  0.6150, -1.0890,  0.0000,  0.0000,
           0.0000,  0.0000,  0.0000,  0.0000],
         [-0.6035, -0.4822,  0.6150,  0.6150, -0.4822, -1.3388, -1.3388,
          -0.4822, -1.3388, -1.3388,  0.0000],
         [-0.6035,  0.6150, -0.4822,  0.6150,  0.6150, -0.4822, -0.4822,
           0.6150,  1.2252,  1.2252, -0.6035],
         [-0.6035,  0.6150,  0.6150,  0.6150,  0.6150,  0.6150,  0.6150,
           0.6150,  0.6150,  0.6150, -0.6035],
         [-0.6035,  0.6150,  0.6150,  0.6150,  0.6150,  0.6150,  0.6150,
           0.6150,  0.6150,  0.6150, -0.6035],
         [-0.6035,  0.6150,  0.6150,  0.6150,  0.6150,  0.6150,  0.6150,
           0.6150,  0.6150,  0.6150, -0.6035],
         [-0.6035,  0.6150,  0.6150,  0.6150,  0.6150,  0.6150,  0.6150,
           0.6150,  0.6150,  0.6150, -0.6035],
         [-0.6035,  0.6150,  0.6150,  0.6150,  0.6150,  0.6150,  0.6150,
           0.6150,  0.6150,  0.6150, -0.6035],
         [-0.6035,  0.6150,  0.6150,  0.6150,  0.6150,  0.6150,  0.6150,
           0.6150,  0.6150,  0.6150, -0.6035]],

        [[ 0.0000,  0.0000,  0.0000,  0.0000,  0.0000,  0.0000,  0.0000,
           0.0000,  0.0000,  0.0000,  0.0000],
         [ 0.0000, -1.0890, -1.0890, -1.0890, -1.0890,  0.0000,  0.0000,
           0.0000,  0.0000,  0.0000,  0.0000],
         [-0.6035, -1.0890,  0.6150,  0.6150, -1.0890,  0.0000,  0.0000,
           0.0000,  0.0000,  0.0000,  0.0000],
         [-0.6035,  0.6150,  0.6150,  0.6150, -1.3388, -1.3388, -0.4822,
           0.0000, -1.3388,  0.0000,  0.0000],
         [-0.6035,  0.6150,  0.6150, -0.4822, -0.4822, -0.4822,  0.6150,
           1.2252,  1.2252,  1.2252, -0.6035],
         [-0.6035,  0.6150,  0.6150,  0.6150,  0.6150,  0.6150,  0.6150,
           0.6150, -1.4434,  0.6150, -0.6035],
         [-0.6035,  0.6150,  0.6150,  0.6150,  0.6150,  0.6150,  0.6150,
           0.6150,  0.6150,  0.6150, -0.6035],
         [-0.6035,  0.6150,  0.6150,  0.6150,  0.6150,  0.6150,  0.6150,
           0.6150,  0.6150,  0.6150, -0.6035],
         [-0.6035,  0.6150,  0.6150,  0.6150,  0.6150,  0.6150,  0.6150,
           0.6150,  0.6150,  0.6150, -0.6035],
         [-0.6035,  0.6150,  0.6150,  0.6150,  0.6150,  0.6150,  0.6150,
           0.6150,  0.6150,  0.6150, -0.6035],
         [-0.6035,  0.6150,  0.6150,  0.6150,  0.6150,  0.6150,  0.6150,
           0.6150,  0.6150,  0.6150, -0.6035]],

        [[ 0.0000,  0.0000,  0.0000,  0.0000,  0.0000,  0.0000,  0.0000,
           0.0000,  0.0000,  0.0000,  0.0000],
         [ 0.0000, -1.0890, -1.0890,  0.0000,  0.0000,  0.0000,  0.0000,
           0.0000,  0.0000,  0.0000,  0.0000],
         [-0.6035, -1.0890, -1.0890, -1.0890, -1.0890, -1.0890,  0.0000,
           0.0000,  0.0000,  0.0000,  0.0000],
         [-0.6035,  0.6150,  0.6150,  0.6150, -0.4822, -1.3388, -1.3388,
          -1.3388,  0.0000, -1.3388,  0.0000],
         [-0.6035,  0.6150,  0.6150,  0.6150,  0.6150, -0.4822, -0.4822,
           1.2252,  1.2252,  0.6150, -0.6035],
         [-0.6035,  0.6150,  0.6150,  0.6150,  0.6150,  0.6150,  0.6150,
           0.6150,  0.6150,  0.6150, -0.6035],
         [-0.6035,  0.6150,  0.6150,  0.6150,  0.6150,  0.6150,  0.6150,
           0.6150,  0.6150,  0.6150, -0.6035],
         [-0.6035,  0.6150,  0.6150,  0.6150,  0.6150,  0.6150,  0.6150,
           0.6150,  0.6150,  0.6150, -0.6035],
         [-0.6035,  0.6150,  0.6150,  0.6150,  0.6150,  0.6150,  0.6150,
           0.6150,  0.6150,  0.6150, -0.6035],
         [-0.6035,  0.6150,  0.6150,  0.6150,  0.6150,  0.6150,  0.6150,
           0.6150,  0.6150,  0.6150, -0.6035],
         [-0.6035,  0.6150,  0.6150,  0.6150,  0.6150,  0.6150,  0.6150,
           0.6150,  0.6150,  0.6150, -0.6035]],

        [[ 0.0000,  0.0000,  0.0000,  0.0000,  0.0000,  0.0000,  0.0000,
           0.0000,  0.0000,  0.0000,  0.0000],
         [ 0.0000,  0.0000,  0.0000,  0.0000,  0.0000,  0.0000,  0.0000,
           0.0000,  0.0000,  0.0000,  0.0000],
         [-0.6035, -0.6035, -0.6035, -0.6035, -0.6035,  0.0000,  0.0000,
           0.0000,  0.0000,  0.0000,  0.0000],
         [-0.6035, -0.6035, -0.6035, -0.6035, -0.6035, -0.6035,  0.0000,
           0.0000,  0.0000,  0.0000,  0.0000],
         [-0.6035, -0.6035, -0.6035, -0.6035, -0.6035, -0.6035, -0.6035,
          -0.6035, -0.6035, -0.6035, -0.6035],
         [-0.6035, -0.6035, -0.6035, -0.6035, -0.6035, -0.6035, -0.6035,
          -0.6035, -0.6035, -0.6035, -0.6035],
         [-0.6035, -0.6035, -0.6035, -0.6035, -0.6035, -0.6035, -0.6035,
          -0.6035, -0.6035, -0.6035, -0.6035],
         [-0.6035, -0.6035, -0.6035, -0.6035, -0.6035, -0.6035, -0.6035,
          -0.6035, -0.6035, -0.6035, -0.6035],
         [-0.6035, -0.6035, -0.6035, -0.6035, -0.6035, -0.6035, -0.6035,
          -0.6035, -0.6035, -0.6035, -0.6035],
         [-0.6035, -0.6035, -0.6035, -0.6035, -0.6035, -0.6035, -0.6035,
          -0.6035, -0.6035, -0.6035, -0.6035],
         [-0.6035, -0.6035, -0.6035, -0.6035, -0.6035, -0.6035, -0.6035,
          -0.6035, -0.6035, -0.6035, -0.6035]]])
tensor([[[ 0.0000,  0.0000,  0.0000,  0.0000,  0.0000,  0.0000,  0.0000,
           0.0000,  0.0000,  0.0000,  0.0000],
         [ 0.0000,  0.0000,  0.0000,  0.0000,  0.0000,  0.0000,  0.0000,
           0.0000,  0.0000,  0.0000,  0.0000],
         [ 0.0000,  0.0000,  0.0000,  0.0000,  0.0000,  0.0000,  0.0000,
           0.0000,  0.0000,  0.0000,  0.0000],
         [ 0.0000,  0.0000,  0.0000,  0.0000,  0.0000,  0.0000,  0.0000,
           0.0000,  0.0000,  0.0000,  0.0000],
         [ 0.0000,  0.0000,  0.0000,  0.0000,  0.0000,  0.0000,  0.0000,
           0.0000,  0.0000,  0.0000,  0.0000],
         [ 0.0000,  0.0000,  0.0000,  0.0000,  0.0000,  0.0000,  0.0000,
           0.0000,  0.0000,  0.0000,  0.0000],
         [ 0.0000,  0.0000,  0.0000,  0.0000,  0.0000,  0.0000,  0.0000,
           0.0000,  0.0000,  0.0000,  0.0000],
         [ 0.0000,  0.0000,  0.0000,  0.0000,  0.0000,  0.0000,  0.0000,
           0.0000,  0.0000,  0.0000,  0.0000],
         [ 0.0000,  0.0000,  0.0000,  0.0000,  0.0000,  0.0000,  0.0000,
           0.0000,  0.0000,  0.0000,  0.0000],
         [ 0.0000,  0.0000,  0.0000,  0.0000,  0.0000,  0.0000,  0.0000,
           0.0000,  0.0000,  0.0000,  0.0000],
         [ 0.0000,  0.0000,  0.0000,  0.0000,  0.0000,  0.0000,  0.0000,
           0.0000,  0.0000,  0.0000,  0.0000]],

        [[ 0.0000,  0.0000,  0.0000,  0.0000,  0.0000,  0.0000,  0.0000,
           0.0000,  0.0000,  0.0000,  0.0000],
         [ 0.0000,  0.0000,  0.0000,  0.0000,  0.0000,  0.0000,  0.0000,
           0.0000,  0.0000,  0.0000,  0.0000],
         [ 0.0000,  0.0000,  0.0000,  0.0000,  0.0000,  0.0000,  0.0000,
           0.0000,  0.0000,  0.0000,  0.0000],
         [ 0.0000,  0.0000,  0.0000,  0.0000,  0.0000,  0.0000,  0.0000,
           0.0000,  0.0000,  0.0000,  0.0000],
         [ 0.0000,  0.0000,  0.0000,  0.0000,  0.0000,  0.0000,  0.0000,
           0.0000,  0.0000,  0.0000,  0.0000],
         [ 0.0000,  0.0000,  0.0000,  0.0000,  0.0000,  0.0000,  0.0000,
           0.0000,  0.0000,  0.0000,  0.0000],
         [ 0.0000,  0.0000,  0.0000,  0.0000,  0.0000,  0.0000,  0.0000,
           0.0000,  0.0000,  0.0000,  0.0000],
         [ 0.0000,  0.0000,  0.0000,  0.0000,  0.0000,  0.0000,  0.0000,
           0.0000,  0.0000,  0.0000,  0.0000],
         [ 0.0000,  0.0000,  0.0000,  0.0000,  0.0000,  0.0000,  0.0000,
           0.0000,  0.0000,  0.0000,  0.0000],
         [ 0.0000,  0.0000,  0.0000,  0.0000,  0.0000,  0.0000,  0.0000,
           0.0000,  0.0000,  0.0000,  0.0000],
         [ 0.0000,  0.0000,  0.0000,  0.0000,  0.0000,  0.0000,  0.0000,
           0.0000,  0.0000,  0.0000,  0.0000]],

        [[ 0.0000,  0.0000,  0.0000,  0.0000,  0.0000,  0.0000,  0.0000,
           0.0000,  0.0000,  0.0000,  0.0000],
         [ 0.0000,  0.0000,  0.0000,  0.0000,  0.0000,  0.0000,  0.0000,
           0.0000,  0.0000,  0.0000,  0.0000],
         [ 0.0000,  0.0000,  0.0000,  0.0000,  0.0000,  0.0000,  0.0000,
           0.0000,  0.0000,  0.0000,  0.0000],
         [ 0.0000,  0.0000,  0.0000,  0.0000,  0.0000,  0.0000,  0.0000,
           0.0000,  1.4914,  1.3256,  0.0000],
         [ 0.0000,  0.0000,  0.0000,  0.0000,  0.0000,  0.0000,  0.0000,
           0.0000,  0.0000,  0.0000,  0.0000],
         [ 0.0000,  0.0000,  0.0000,  0.0000,  0.0000,  0.0000,  0.0000,
           0.0000,  0.0000,  0.0000,  0.0000],
         [ 0.0000,  0.0000,  0.0000,  0.0000,  0.0000,  0.0000,  0.0000,
           0.0000,  0.0000,  0.0000,  0.0000],
         [ 0.0000,  0.0000,  0.0000,  0.0000,  0.0000,  0.0000,  0.0000,
           0.0000,  0.0000,  0.0000,  0.0000],
         [ 0.0000,  0.0000,  0.0000,  0.0000,  0.0000,  0.0000,  0.0000,
           0.0000,  0.0000,  0.0000,  0.0000],
         [ 0.0000,  0.0000,  0.0000,  0.0000,  0.0000,  0.0000,  0.0000,
           0.0000,  0.0000,  0.0000,  0.0000],
         [ 0.0000,  0.0000,  0.0000,  0.0000,  0.0000,  0.0000,  0.0000,
           0.0000,  0.0000,  0.0000,  0.0000]],

        [[ 0.0000,  0.0000,  0.0000,  0.0000,  0.0000,  0.0000,  0.0000,
           0.0000,  0.0000,  0.0000,  0.0000],
         [ 0.0000,  0.0000,  0.0000,  0.0000,  0.0000,  0.0000,  0.0000,
           0.0000,  0.0000,  0.0000,  0.0000],
         [ 0.0000,  0.0000,  0.0000,  0.0000,  0.0000,  0.0000,  0.0000,
           0.0000,  0.0000,  0.0000,  0.0000],
         [ 0.0000,  0.0000,  0.0000,  0.0000,  0.0000,  0.0000,  0.0000,
           0.0000,  1.1698,  0.0000,  0.0000],
         [ 0.0000,  0.0000,  0.0000,  0.0000,  0.0000,  0.0000,  0.0000,
           0.0000,  0.0000,  0.0000,  0.0000],
         [ 0.0000,  0.0000,  0.0000,  0.0000,  0.0000,  0.0000,  0.0000,
           0.0000,  0.0000,  0.0000,  0.0000],
         [ 0.0000,  0.0000,  0.0000,  0.0000,  0.0000,  0.0000,  0.0000,
           0.0000,  0.0000,  0.0000,  0.0000],
         [ 0.0000,  0.0000,  0.0000,  0.0000,  0.0000,  0.0000,  0.0000,
           0.0000,  0.0000,  0.0000,  0.0000],
         [ 0.0000,  0.0000,  0.0000,  0.0000,  0.0000,  0.0000,  0.0000,
           0.0000,  0.0000,  0.0000,  0.0000],
         [ 0.0000,  0.0000,  0.0000,  0.0000,  0.0000,  0.0000,  0.0000,
           0.0000,  0.0000,  0.0000,  0.0000],
         [ 0.0000,  0.0000,  0.0000,  0.0000,  0.0000,  0.0000,  0.0000,
           0.0000,  0.0000,  0.0000,  0.0000]],

        [[ 0.0000,  0.0000,  0.0000,  0.0000,  0.0000,  0.0000,  0.0000,
           0.0000,  0.0000,  0.0000,  0.0000],
         [ 0.0000,  0.0000,  0.0000,  0.0000,  0.0000,  0.0000,  0.0000,
           0.0000,  0.0000,  0.0000,  0.0000],
         [ 0.0000,  0.0000,  0.0000,  0.0000,  0.0000,  0.0000,  0.0000,
           0.0000,  0.0000,  0.0000,  0.0000],
         [ 0.0000,  0.0000,  0.0000,  0.0000,  0.0000,  0.0000,  0.0000,
           0.0000,  0.0000,  0.0000,  0.0000],
         [ 0.0000,  0.0000,  0.0000,  0.0000,  0.0000,  0.0000,  0.0000,
           0.0000,  0.0000,  0.0000,  0.0000],
         [ 0.0000,  0.0000,  0.0000,  0.0000,  0.0000,  0.0000,  0.0000,
           0.0000,  0.0000,  0.0000,  0.0000],
         [ 0.0000,  0.0000,  0.0000,  0.0000,  0.0000,  0.0000,  0.0000,
           0.0000,  0.0000,  0.0000,  0.0000],
         [ 0.0000,  0.0000,  0.0000,  0.0000,  0.0000,  0.0000,  0.0000,
           0.0000,  0.0000,  0.0000,  0.0000],
         [ 0.0000,  0.0000,  0.0000,  0.0000,  0.0000,  0.0000,  0.0000,
           0.0000,  0.0000,  0.0000,  0.0000],
         [ 0.0000,  0.0000,  0.0000,  0.0000,  0.0000,  0.0000,  0.0000,
           0.0000,  0.0000,  0.0000,  0.0000],
         [ 0.0000,  0.0000,  0.0000,  0.0000,  0.0000,  0.0000,  0.0000,
           0.0000,  0.0000,  0.0000,  0.0000]],

        [[ 0.0000,  0.0000,  0.0000,  0.0000,  0.0000,  0.0000,  0.0000,
           0.0000,  0.0000,  0.0000,  0.0000],
         [ 0.0000,  0.0000,  0.0000,  0.0000,  0.0000,  0.0000,  0.0000,
           0.0000,  0.0000,  0.0000,  0.0000],
         [ 0.0000,  0.0000,  0.0000,  0.0000,  0.0000,  0.0000,  0.0000,
           0.0000,  0.0000,  0.0000,  0.0000],
         [ 0.0000,  0.0000,  0.0000,  0.0000,  0.0000,  0.0000,  0.0000,
           0.0000,  0.0000,  0.0000,  0.0000],
         [ 0.0000,  0.0000,  0.0000,  0.0000,  0.0000,  0.0000,  0.0000,
           0.0000,  0.0000,  0.0000,  0.0000],
         [ 0.0000,  0.0000,  0.0000,  0.0000,  0.0000,  0.0000,  0.0000,
           0.0000,  0.0000,  0.0000,  0.0000],
         [ 0.0000,  0.0000,  0.0000,  0.0000,  0.0000,  0.0000,  0.0000,
           0.0000,  0.0000,  0.0000,  0.0000],
         [ 0.0000,  0.0000,  0.0000,  0.0000,  0.0000,  0.0000,  0.0000,
           0.0000,  0.0000,  0.0000,  0.0000],
         [ 0.0000,  0.0000,  0.0000,  0.0000,  0.0000,  0.0000,  0.0000,
           0.0000,  0.0000,  0.0000,  0.0000],
         [ 0.0000,  0.0000,  0.0000,  0.0000,  0.0000,  0.0000,  0.0000,
           0.0000,  0.0000,  0.0000,  0.0000],
         [ 0.0000,  0.0000,  0.0000,  0.0000,  0.0000,  0.0000,  0.0000,
           0.0000,  0.0000,  0.0000,  0.0000]],

        [[ 0.0000,  0.0000,  0.0000,  0.0000,  0.0000,  0.0000,  0.0000,
           0.0000,  0.0000,  0.0000,  0.0000],
         [ 0.0000,  0.0000,  0.0000,  0.0000,  0.0000,  0.0000,  0.0000,
           0.0000,  0.0000,  0.0000,  0.0000],
         [ 0.0000,  0.0000,  0.0000,  0.0000,  0.0000,  0.0000,  0.0000,
           0.0000,  0.0000,  0.0000,  0.0000],
         [ 0.0000,  0.0000,  0.0000,  0.0000,  0.0000,  0.0000,  0.0000,
           0.0000,  0.0000,  0.0000,  0.0000],
         [ 0.0000,  0.0000,  0.0000,  0.0000,  0.0000,  0.0000,  0.0000,
           0.0000,  0.0000,  0.0000,  0.0000],
         [ 0.0000,  0.0000,  0.0000,  0.0000,  0.0000,  0.0000,  0.0000,
           0.0000,  0.0000,  0.0000,  0.0000],
         [ 0.0000,  0.0000,  0.0000,  0.0000,  0.0000,  0.0000,  0.0000,
           0.0000,  0.0000,  0.0000,  0.0000],
         [ 0.0000,  0.0000,  0.0000,  0.0000,  0.0000,  0.0000,  0.0000,
           0.0000,  0.0000,  0.0000,  0.0000],
         [ 0.0000,  0.0000,  0.0000,  0.0000,  0.0000,  0.0000,  0.0000,
           0.0000,  0.0000,  0.0000,  0.0000],
         [ 0.0000,  0.0000,  0.0000,  0.0000,  0.0000,  0.0000,  0.0000,
           0.0000,  0.0000,  0.0000,  0.0000],
         [ 0.0000,  0.0000,  0.0000,  0.0000,  0.0000,  0.0000,  0.0000,
           0.0000,  0.0000,  0.0000,  0.0000]],

        [[ 0.0000,  0.0000,  0.0000,  0.0000,  0.0000,  0.0000,  0.0000,
           0.0000,  0.0000,  0.0000,  0.0000],
         [ 0.0000,  0.0000,  0.0000,  0.0000,  0.0000,  0.0000,  0.0000,
           0.0000,  0.0000,  0.0000,  0.0000],
         [ 0.0000,  0.0000,  0.0000,  0.0000,  0.0000,  0.0000,  0.0000,
           0.0000,  0.0000,  0.0000,  0.0000],
         [ 0.0000,  0.0000,  0.0000,  0.0000,  0.0000,  0.0000,  0.0000,
           0.0000,  0.0000,  0.0000,  0.0000],
         [ 0.0000,  0.0000,  0.0000,  0.0000,  0.0000,  0.0000,  0.0000,
           0.0000,  0.0000,  0.0000,  0.0000],
         [ 0.0000,  0.0000,  0.0000,  0.0000,  0.0000,  0.0000,  0.0000,
           0.0000,  0.0000,  0.0000,  0.0000],
         [ 0.0000,  0.0000,  0.0000,  0.0000,  0.0000,  0.0000,  0.0000,
           0.0000,  0.0000,  0.0000,  0.0000],
         [ 0.0000,  0.0000,  0.0000,  0.0000,  0.0000,  0.0000,  0.0000,
           0.0000,  0.0000,  0.0000,  0.0000],
         [ 0.0000,  0.0000,  0.0000,  0.0000,  0.0000,  0.0000,  0.0000,
           0.0000,  0.0000,  0.0000,  0.0000],
         [ 0.0000,  0.0000,  0.0000,  0.0000,  0.0000,  0.0000,  0.0000,
           0.0000,  0.0000,  0.0000,  0.0000],
         [ 0.0000,  0.0000,  0.0000,  0.0000,  0.0000,  0.0000,  0.0000,
           0.0000,  0.0000,  0.0000,  0.0000]],

        [[ 0.0000,  0.0000,  0.0000,  0.0000,  0.0000,  0.0000,  0.0000,
           0.0000,  0.0000,  0.0000,  0.0000],
         [ 0.0000,  0.0000,  0.0000,  0.0000,  0.0000,  0.0000,  0.0000,
           0.0000,  0.0000,  0.0000,  0.0000],
         [ 0.0000,  0.0000,  0.0000,  0.0000,  0.0000,  0.0000,  0.0000,
           0.0000,  0.0000,  0.0000,  0.0000],
         [ 0.0000,  0.0000,  0.0000,  0.0000,  0.0000,  0.0000,  0.0000,
           0.0000,  0.0000,  0.0000,  0.0000],
         [ 0.0000,  0.0000,  0.0000,  0.0000,  0.0000,  0.0000,  0.0000,
           0.0000,  0.0000,  0.0000,  0.0000],
         [ 0.0000,  0.0000,  0.0000,  0.0000,  0.0000,  0.0000,  0.0000,
           0.0000,  0.0000,  0.0000,  0.0000],
         [ 0.0000,  0.0000,  0.0000,  0.0000,  0.0000, -1.0817,  0.0000,
           0.0000,  0.0000,  0.0000,  0.0000],
         [ 0.0000,  0.0000,  0.0000,  0.0000,  0.0000,  0.0000,  0.0000,
           0.0000,  0.0000,  0.0000,  0.0000],
         [ 0.0000,  0.0000,  0.0000,  0.0000,  0.0000,  0.0000,  0.0000,
           0.0000,  0.0000,  0.0000,  0.0000],
         [ 0.0000,  0.0000,  0.0000,  0.0000,  0.0000,  0.0000,  0.0000,
           0.0000,  0.0000,  0.0000,  0.0000],
         [ 0.0000,  0.0000,  0.0000,  0.0000,  0.0000,  0.0000,  0.0000,
           0.0000,  0.0000,  0.0000,  0.0000]],

        [[ 0.0000,  0.0000,  0.0000,  0.0000,  0.0000,  0.0000,  0.0000,
           0.0000,  0.0000,  0.0000,  0.0000],
         [ 0.0000,  0.0000,  0.0000,  0.0000,  0.0000,  0.0000,  0.0000,
           0.0000,  0.0000,  0.0000,  0.0000],
         [ 0.0000,  0.0000,  0.0000,  0.0000,  0.0000,  0.0000,  0.0000,
           0.0000,  0.0000,  0.0000,  0.0000],
         [ 0.0000,  0.0000,  0.0000,  0.0000,  0.0000,  0.0000,  0.0000,
           0.0000,  0.0000,  0.0000,  0.0000],
         [ 0.0000,  0.0000,  0.0000,  0.0000,  0.0000,  0.0000,  0.0000,
           0.0000,  0.0000,  0.0000,  0.0000],
         [ 0.0000,  0.0000,  0.0000,  0.0000,  0.0000,  0.0000,  0.0000,
           0.0000,  0.0000,  0.0000,  0.0000],
         [ 0.0000,  0.0000,  0.0000,  0.0000,  0.0000,  0.0000,  0.0000,
           0.0000,  0.0000,  0.0000,  0.0000],
         [ 0.0000,  0.0000,  0.0000,  0.0000,  0.0000,  0.0000,  0.0000,
           0.0000,  0.0000,  0.0000,  0.0000],
         [ 0.0000,  0.0000,  0.0000,  0.0000,  0.0000,  0.0000,  0.0000,
           0.0000,  0.0000,  0.0000,  0.0000],
         [ 0.0000,  0.0000,  0.0000,  0.0000,  0.0000,  0.0000,  0.0000,
           0.0000,  0.0000,  0.0000,  0.0000],
         [ 0.0000,  0.0000,  0.0000,  0.0000,  0.0000,  0.0000,  0.0000,
           0.0000,  0.0000,  0.0000,  0.0000]],

        [[ 0.0000,  0.0000,  0.0000,  0.0000,  0.0000,  0.0000,  0.0000,
           0.0000,  0.0000,  0.0000,  0.0000],
         [ 0.0000,  0.0000,  0.0000,  0.0000,  0.0000,  0.0000,  0.0000,
           0.0000,  0.0000,  0.0000,  0.0000],
         [ 0.0000,  0.0000,  0.0000,  0.0000,  0.0000,  0.0000,  0.0000,
           0.0000,  0.0000,  0.0000,  0.0000],
         [ 0.0000,  0.0000,  0.0000,  0.0000,  0.0000,  0.0000,  0.0000,
           0.0000,  0.0000,  0.0000,  0.0000],
         [ 0.0000,  0.0000,  0.0000,  0.0000,  0.0000,  0.0000,  0.0000,
           0.0000,  0.0000,  0.0000,  0.0000],
         [ 0.0000,  0.0000,  0.0000,  0.0000,  0.0000,  0.0000,  0.0000,
           0.0000,  0.0000,  0.0000,  0.0000],
         [ 0.0000,  0.0000,  0.0000,  0.0000,  0.0000,  0.0000,  0.0000,
           0.0000,  0.0000,  0.0000,  0.0000],
         [ 0.0000,  0.0000,  0.0000,  0.0000,  0.0000,  0.0000,  0.0000,
           0.0000,  0.0000,  0.0000,  0.0000],
         [ 0.0000,  0.0000,  0.0000,  0.0000,  0.0000,  0.0000,  0.0000,
           0.0000,  0.0000,  0.0000,  0.0000],
         [ 0.0000,  0.0000,  0.0000,  0.0000,  0.0000,  0.0000,  0.0000,
           0.0000,  0.0000,  0.0000,  0.0000],
         [ 0.0000,  0.0000,  0.0000,  0.0000,  0.0000,  0.0000,  0.0000,
           0.0000,  0.0000,  0.0000,  0.0000]]])
torch.Size([1, 39])
tensor([ 9.0000,  9.0000,  6.0000,  4.7997,  3.3719,  0.6150,  0.0000,  0.6150,
         0.0000,  0.6150,  0.0000,  0.6150,  0.0000,  0.6150,  0.0000,  0.6150,
         0.0000,  0.6150,  0.0000,  0.6150,  0.0000,  0.6150,  0.0000, -1.4434,
         1.0000,  0.6150,  0.0000,  0.6150,  0.0000,  0.6150,  0.0000,  0.6150,
         0.0000,  0.6150,  0.0000,  0.6150,  0.0000, 20.0000,  0.0000])
env:  1700
model:  1104100
env:  1800
model:  249800
model:  1104200
env:  1900
model:  1104300
env:  2000
model:  1104400
env:  2100
model:  1104500
model:  1104600
env:  2200
model:  249900
model:  1104700
env:  2300
model:  1104800
-2.99
{'block.minecraft.air': 0.614975664, 'block.minecraft.bedrock': -0.603487106, 'entity.agi_agent_mod.agent': -1.081708134, 'Zombie': 1.16977769, 'block.minecraft.cactus': -1.443406364, 'block.minecraft.red_sand': 1.225162458, 'block.minecraft.grass_block': -0.482151991, 'block.minecraft.dirt': -1.338796396, 'block.minecraft.stone': -1.08902255, 'block.minecraft.sand': 1.443880409, 'block.minecraft.water': 1.90500018, 'block.minecraft.oak_leaves': 0.434101649, 'block.minecraft.oak_log': 0.591699119, 'Dirt': 1.325630864, 'Oak Sapling': 1.58652772, 'block.minecraft.oak_sapling': 0.483961767, 'Sand': 0.304774435, 'Dev': 0.836413493, 'Experience Orb': -0.165198893, 'Rotten Flesh': -0.457064748, 'item.minecraft.rotten_flesh': 0.274532347, 'Drowned': 1.491396103, 'block.minecraft.lava': -1.204468619, 'Clay Ball': 0.976091192, 'Copper Ingot': -1.541251537, 'Nautilus Shell': 1.76047435, 'Red Sand': 0.336805878, 'item.minecraft.nautilus_shell': -1.535260657, 'item.minecraft.copper_ingot': -1.342694082, 'item.minecraft.clay_ball': 0.172373939, 'Falling Sand': -1.740502919, 'Cactus': -1.444696145}
env:  2400
model:  1104900
env:  2500
PS C:\Users\troop\Desktop\finish.delete.Open Tabs\,Minecraft Agent\Minecraft\forge-1.20.1-47.2.0-mdk\agent>   