           0.0000000000,  0.0000000000,  0.0000000000,  0.0000000000,
           0.0000000000,  0.0000000000,  0.0000000000,  0.0000000000],
         [ 0.0000000000,  0.0000000000,  0.0000000000,  0.0000000000,
           0.0000000000,  0.0000000000,  0.0000000000,  0.0000000000,
           0.0000000000,  0.0000000000,  0.0000000000,  0.0000000000],
         [ 0.0000000000,  0.0000000000,  0.0000000000,  0.0000000000,
           0.0000000000,  0.0000000000,  0.0000000000,  0.0000000000,
           0.0000000000,  0.0000000000,  0.0000000000,  0.0000000000],
         [ 0.0000000000,  0.0000000000,  0.0000000000,  0.0000000000,
           0.0000000000,  0.0000000000,  0.0000000000,  0.0000000000,
           0.0000000000,  0.0000000000,  0.0000000000,  0.0000000000],
         [ 0.0000000000,  0.0000000000,  0.0000000000,  0.0000000000,
           0.0000000000,  0.0000000000,  0.0000000000,  0.0000000000,
           0.0000000000,  0.0000000000,  0.0000000000,  0.0000000000],
         [ 0.0000000000,  0.0000000000,  0.0000000000,  0.0000000000,
           0.0000000000,  0.0000000000,  0.0000000000,  0.0000000000,
           0.0000000000,  0.0000000000,  0.0000000000,  0.0000000000],
         [ 0.0000000000,  0.0000000000,  0.0000000000,  0.0000000000,
           0.0000000000,  0.0000000000,  0.0000000000,  0.0000000000,
           0.0000000000,  0.0000000000,  0.0000000000,  0.0000000000],
         [ 0.0000000000,  0.0000000000,  0.0000000000,  0.0000000000,
           0.0000000000,  0.0000000000,  0.0000000000,  0.0000000000,
           0.0000000000,  0.0000000000,  0.0000000000,  0.0000000000],
         [ 0.0000000000,  0.0000000000,  0.0000000000,  0.0000000000,
           0.0000000000,  0.0000000000,  0.0000000000,  0.0000000000,
           0.0000000000,  0.0000000000,  0.0000000000,  0.0000000000],
         [ 0.0000000000,  0.0000000000,  0.0000000000,  0.0000000000,
           0.0000000000,  0.0000000000,  0.0000000000,  0.0000000000,
           0.0000000000,  0.0000000000,  0.0000000000,  0.0000000000]],

        [[ 0.0000000000,  0.0000000000,  0.0000000000,  0.0000000000,
           0.0000000000,  0.0000000000,  0.0000000000,  0.0000000000,
           0.0000000000,  0.0000000000,  0.0000000000,  0.0000000000],
         [ 0.0000000000,  0.0000000000,  0.0000000000,  0.0000000000,
           0.0000000000,  0.0000000000,  0.0000000000,  0.0000000000,
           0.0000000000,  0.0000000000,  0.0000000000,  0.0000000000],
         [ 0.0000000000,  0.0000000000,  0.0000000000,  0.0000000000,
           0.0000000000,  0.0000000000,  0.0000000000,  0.0000000000,
           0.0000000000,  0.0000000000,  0.0000000000,  0.0000000000],
         [ 0.0000000000,  0.0000000000,  0.0000000000,  0.0000000000,
           0.0000000000,  0.0000000000,  0.0000000000,  0.0000000000,
           0.0000000000,  0.0000000000,  0.0000000000,  0.0000000000],
         [ 0.0000000000,  0.0000000000,  0.0000000000,  0.0000000000,
           0.0000000000,  0.0000000000,  0.0000000000,  0.0000000000,
           0.0000000000,  0.0000000000,  0.0000000000,  0.0000000000],
         [ 0.0000000000,  0.0000000000,  0.0000000000,  0.0000000000,
           0.0000000000,  0.0000000000,  0.0000000000,  0.0000000000,
           0.0000000000,  0.0000000000,  0.0000000000,  0.0000000000],
         [ 0.0000000000,  0.0000000000,  0.0000000000,  0.0000000000,
           0.0000000000,  0.0000000000,  0.0000000000,  0.0000000000,
           0.0000000000,  0.0000000000,  0.0000000000,  0.0000000000],
         [ 0.0000000000,  0.0000000000,  0.0000000000,  0.0000000000,
           0.0000000000,  0.0000000000,  0.0000000000,  0.0000000000,
           0.0000000000,  0.0000000000,  0.0000000000,  0.0000000000],
         [ 0.0000000000,  0.0000000000,  0.0000000000,  0.0000000000,
           0.0000000000,  0.0000000000,  0.0000000000,  0.0000000000,
           0.0000000000,  0.0000000000,  0.0000000000,  0.0000000000],
         [ 0.0000000000,  0.0000000000,  0.0000000000,  0.0000000000,
           0.0000000000,  0.0000000000,  0.0000000000,  0.0000000000,
           0.0000000000,  0.0000000000,  0.0000000000,  0.0000000000],
         [ 0.0000000000,  0.0000000000,  0.0000000000,  0.0000000000,
           0.0000000000,  0.0000000000,  0.0000000000,  0.0000000000,
           0.0000000000,  0.0000000000,  0.0000000000,  0.0000000000],
         [ 0.0000000000,  0.0000000000,  0.0000000000,  0.0000000000,
           0.0000000000,  0.0000000000,  0.0000000000,  0.0000000000,
           0.0000000000,  0.0000000000,  0.0000000000,  0.0000000000]]])
torch.Size([1, 39])
tensor([ 6.0000000000,  4.0000000000,  9.0000000000,  4.7996554375,
         4.0902104378,  0.6149756908,  0.0000000000,  0.6149756908,
         0.0000000000,  0.6149756908,  0.0000000000,  0.6149756908,
         0.0000000000,  0.6149756908,  0.0000000000,  0.6149756908,
         0.0000000000,  0.6149756908,  0.0000000000,  0.6149756908,
         0.0000000000,  0.6149756908,  0.0000000000,  0.6149756908,
         0.0000000000,  0.6149756908,  0.0000000000,  0.6149756908,
         0.0000000000,  0.6149756908,  0.0000000000,  0.6149756908,
         0.0000000000,  0.6149756908,  0.0000000000,  0.6149756908,
         0.0000000000, 20.0000000000,  0.0000000000])
model:  29900
env:  3800
model:  115100
env:  3900
model:  115200
env:  4000
model:  115300
env:  4100
model:  115400
model:  30000
torch.Size([32, 2, 12, 12, 12])
tensor([[[ 0.0000000000,  0.0000000000,  0.0000000000,  0.0000000000,
           0.0000000000,  0.0000000000,  0.0000000000,  0.0000000000,
           0.0000000000,  0.0000000000,  0.0000000000,  0.0000000000],
         [ 0.0000000000,  0.0000000000,  0.0000000000,  0.0000000000,
           0.0000000000,  0.0000000000,  0.0000000000,  0.0000000000,
           0.0000000000,  0.0000000000,  0.0000000000,  0.0000000000],
         [ 0.0000000000,  0.0000000000,  0.0000000000,  0.0000000000,
           0.0000000000,  0.0000000000,  0.0000000000,  0.0000000000,
          -0.6034871340, -0.6034871340, -0.6034871340,  0.0000000000],
         [ 0.0000000000,  0.0000000000,  0.0000000000,  0.0000000000,
           0.0000000000,  0.0000000000,  0.0000000000,  0.0000000000,
          -0.6034871340, -0.6034871340, -0.6034871340,  0.0000000000],
         [ 0.0000000000, -0.6034871340,  0.0000000000,  0.0000000000,
           0.0000000000,  0.0000000000, -0.6034871340, -0.6034871340,
          -0.6034871340, -0.6034871340, -0.6034871340,  0.0000000000],
         [ 0.0000000000,  0.0000000000,  0.0000000000,  0.0000000000,
          -0.6034871340, -0.6034871340, -0.6034871340, -0.6034871340,
          -0.6034871340, -0.6034871340, -0.6034871340,  0.0000000000],
         [ 0.0000000000,  0.0000000000,  0.0000000000, -0.6034871340,
          -0.6034871340, -0.6034871340, -0.6034871340, -0.6034871340,
          -0.6034871340, -0.6034871340, -0.6034871340,  0.0000000000],
         [ 0.0000000000, -0.6034871340, -0.6034871340, -0.6034871340,
          -0.6034871340, -0.6034871340, -0.6034871340, -0.6034871340,
          -0.6034871340, -0.6034871340, -0.6034871340,  0.0000000000],
         [ 0.0000000000, -0.6034871340,  0.0000000000, -0.6034871340,
           0.0000000000, -0.6034871340, -0.6034871340, -0.6034871340,
          -0.6034871340, -0.6034871340, -0.6034871340,  0.0000000000],
         [ 0.0000000000,  0.0000000000,  0.0000000000, -0.6034871340,
          -0.6034871340, -0.6034871340,  0.0000000000, -0.6034871340,
          -0.6034871340, -0.6034871340, -0.6034871340,  0.0000000000],
         [ 0.0000000000,  0.0000000000,  0.0000000000, -0.6034871340,
          -0.6034871340, -0.6034871340,  0.0000000000, -0.6034871340,
          -0.6034871340, -0.6034871340, -0.6034871340,  0.0000000000],
         [ 0.0000000000,  0.0000000000,  0.0000000000,  0.0000000000,
           0.0000000000,  0.0000000000,  0.6149756908,  0.6149756908,
           0.6149756908,  0.6149756908,  0.0000000000,  0.6149756908]],

        [[ 0.0000000000,  0.0000000000,  0.0000000000,  0.0000000000,
           0.0000000000,  0.0000000000,  0.0000000000,  0.0000000000,
           0.0000000000,  0.0000000000,  0.0000000000,  0.0000000000],
         [ 0.0000000000,  0.0000000000,  0.0000000000,  0.0000000000,
           0.0000000000,  0.0000000000,  0.0000000000,  0.0000000000,
          -1.3387963772,  0.0000000000,  0.0000000000,  0.0000000000],
         [ 0.0000000000,  0.0000000000,  0.0000000000,  0.0000000000,
           0.0000000000,  0.0000000000,  0.0000000000,  0.0000000000,
           1.2251625061,  1.2251625061, -0.6034871340,  0.0000000000],
         [ 0.0000000000,  0.0000000000,  0.0000000000,  0.0000000000,
           0.0000000000,  0.0000000000,  0.0000000000,  1.2251625061,
           0.6149756908,  0.6149756908, -0.6034871340,  0.0000000000],
         [-0.6034871340, -0.4821519852,  0.0000000000,  0.0000000000,
          -0.4821519852, -0.4821519852,  1.2251625061,  0.6149756908,
           0.6149756908,  0.6149756908, -0.6034871340,  0.0000000000],
         [-0.6034871340,  0.0000000000,  0.0000000000,  0.0000000000,
           0.0000000000,  0.6149756908,  0.6149756908,  0.6149756908,
           0.6149756908,  0.6149756908, -0.6034871340,  0.0000000000],
         [-0.6034871340,  0.0000000000,  0.6149756908,  0.6149756908,
           0.6149756908,  0.6149756908,  0.6149756908,  0.6149756908,
           0.6149756908,  0.6149756908, -0.6034871340,  0.0000000000],
         [ 0.0000000000,  0.6149756908,  0.6149756908,  0.6149756908,
           0.6149756908,  0.6149756908,  0.6149756908,  0.6149756908,
           0.6149756908,  0.6149756908, -0.6034871340,  0.0000000000],
         [ 0.0000000000,  0.6149756908,  0.6149756908,  0.6149756908,
           0.6149756908,  0.6149756908,  0.6149756908,  0.6149756908,
           0.6149756908,  0.6149756908, -0.6034871340,  0.0000000000],
         [ 0.0000000000,  0.6149756908,  0.6149756908,  0.6149756908,
           0.6149756908,  0.6149756908,  0.6149756908,  0.6149756908,
           0.6149756908,  0.6149756908, -0.6034871340,  0.0000000000],
         [ 0.0000000000,  0.6149756908,  0.6149756908,  0.6149756908,
           0.6149756908,  0.6149756908,  0.6149756908,  0.6149756908,
           0.6149756908,  0.6149756908, -0.6034871340,  0.0000000000],
         [ 0.0000000000,  0.6149756908,  0.6149756908,  0.6149756908,
           0.6149756908,  0.6149756908,  0.6149756908,  0.6149756908,
           0.6149756908,  0.6149756908,  0.6149756908,  0.6149756908]],

        [[ 0.0000000000,  0.0000000000,  0.0000000000,  0.0000000000,
           0.0000000000,  0.0000000000,  0.0000000000,  0.0000000000,
           0.0000000000,  0.0000000000,  0.0000000000,  0.0000000000],
         [ 0.0000000000,  0.0000000000,  0.0000000000,  0.0000000000,
           0.0000000000,  0.0000000000,  0.0000000000,  0.0000000000,
           0.0000000000,  0.0000000000,  0.0000000000,  0.0000000000],
         [ 0.0000000000,  0.0000000000,  0.0000000000,  0.0000000000,
           0.0000000000,  0.0000000000,  0.0000000000,  0.0000000000,
           1.2251625061,  1.2251625061,  0.0000000000,  0.0000000000],
         [ 0.0000000000,  0.0000000000,  0.0000000000,  0.0000000000,
           0.0000000000,  0.0000000000,  0.0000000000,  0.0000000000,
           0.6149756908,  0.6149756908, -0.6034871340,  0.0000000000],
         [-0.6034871340,  0.0000000000,  0.0000000000,  0.0000000000,
           0.0000000000, -0.4821519852,  1.2251625061,  1.2251625061,
           0.6149756908,  0.6149756908, -0.6034871340,  0.0000000000],
         [-0.6034871340,  0.0000000000,  0.0000000000,  0.0000000000,
           0.6149756908,  0.6149756908,  0.6149756908,  0.6149756908,
           0.6149756908,  0.6149756908, -0.6034871340,  0.0000000000],
         [ 0.0000000000,  0.0000000000,  0.6149756908,  0.6149756908,
           0.6149756908,  0.6149756908,  0.6149756908,  0.6149756908,
           0.6149756908,  0.6149756908, -0.6034871340,  0.0000000000],
         [ 0.0000000000,  0.0000000000,  0.4341016412,  0.6149756908,
           0.4341016412,  0.6149756908,  0.6149756908,  0.6149756908,
           0.6149756908,  0.6149756908, -0.6034871340,  0.0000000000],
         [ 0.0000000000,  0.0000000000,  0.6149756908,  0.4341016412,
           0.6149756908,  0.6149756908,  0.6149756908,  0.6149756908,
           0.6149756908,  0.6149756908, -0.6034871340,  0.0000000000],
         [ 0.0000000000,  0.0000000000,  0.6149756908,  0.6149756908,
           0.6149756908,  0.6149756908,  0.6149756908,  0.6149756908,
           0.6149756908,  0.6149756908, -0.6034871340,  0.0000000000],
         [ 0.0000000000,  0.0000000000,  0.6149756908,  0.6149756908,
           0.6149756908,  0.6149756908,  0.6149756908,  0.6149756908,
           0.6149756908,  0.6149756908, -0.6034871340,  0.0000000000],
         [ 0.0000000000,  0.0000000000,  0.6149756908,  0.6149756908,
           0.6149756908,  0.6149756908,  0.6149756908,  0.6149756908,
           0.6149756908,  0.6149756908,  0.6149756908,  0.0000000000]],

        [[ 0.0000000000,  0.0000000000,  0.0000000000,  0.0000000000,
           0.0000000000,  0.0000000000,  0.0000000000,  0.0000000000,
           0.0000000000,  0.0000000000,  0.0000000000,  0.0000000000],
         [ 0.0000000000,  0.0000000000,  0.0000000000,  0.0000000000,
           0.0000000000,  0.0000000000,  0.0000000000,  0.0000000000,
           0.0000000000,  0.0000000000,  0.0000000000,  0.0000000000],
         [ 0.0000000000,  0.0000000000,  0.0000000000,  0.0000000000,
           0.0000000000,  0.0000000000,  0.0000000000,  0.0000000000,
           1.2251625061,  1.2251625061, -0.6034871340,  0.0000000000],
         [ 0.0000000000,  0.0000000000,  0.0000000000,  0.0000000000,
           0.0000000000,  0.0000000000,  0.0000000000,  1.2251625061,
           0.6149756908,  0.6149756908, -0.6034871340,  0.0000000000],
         [ 0.0000000000,  0.0000000000,  0.0000000000,  0.0000000000,
           0.0000000000, -0.4821519852, -0.4821519852,  1.2251625061,
           0.6149756908,  0.6149756908, -0.6034871340,  0.0000000000],
         [-0.6034871340,  0.0000000000,  0.0000000000,  0.5916991234,
           0.6149756908,  0.6149756908,  0.6149756908,  0.6149756908,
           0.6149756908,  0.6149756908, -0.6034871340,  0.0000000000],
         [-0.6034871340,  0.0000000000,  0.6149756908,  0.5916991234,
           0.6149756908,  0.6149756908,  0.6149756908,  0.6149756908,
           0.6149756908,  0.6149756908, -0.6034871340,  0.0000000000],
         [-0.6034871340,  0.6149756908,  0.4341016412,  0.5916991234,
           0.4341016412,  0.6149756908,  0.6149756908,  0.6149756908,
           0.6149756908,  0.6149756908, -0.6034871340,  0.0000000000],
         [ 0.0000000000,  0.0000000000,  0.0000000000,  0.5916991234,
           0.4341016412,  0.6149756908,  0.6149756908,  0.6149756908,
           0.6149756908,  0.6149756908, -0.6034871340,  0.0000000000],
         [ 0.0000000000,  0.0000000000,  0.0000000000,  0.4341016412,
           0.6149756908,  0.6149756908,  0.6149756908,  0.6149756908,
           0.6149756908,  0.6149756908, -0.6034871340,  0.0000000000],
         [ 0.0000000000,  0.0000000000,  0.0000000000,  0.0000000000,
           0.6149756908,  0.6149756908,  0.6149756908,  0.6149756908,
           0.6149756908,  0.6149756908, -0.6034871340,  0.0000000000],
         [ 0.0000000000,  0.0000000000,  0.0000000000,  0.0000000000,
           0.6149756908,  0.6149756908,  0.6149756908,  0.6149756908,
           0.6149756908,  0.6149756908,  0.6149756908,  0.6149756908]],

        [[ 0.0000000000,  0.0000000000,  0.0000000000,  0.0000000000,
           0.0000000000,  0.0000000000,  0.0000000000,  0.0000000000,
           0.0000000000,  0.0000000000,  0.0000000000,  0.0000000000],
         [ 0.0000000000,  0.0000000000,  0.0000000000,  0.0000000000,
           0.0000000000,  0.0000000000,  0.0000000000,  0.0000000000,
           0.0000000000,  0.0000000000,  0.0000000000,  0.0000000000],
         [ 0.0000000000,  0.0000000000,  0.0000000000,  0.0000000000,
           0.0000000000,  0.0000000000,  0.0000000000, -1.3387963772,
          -0.4821519852,  1.2251625061, -0.6034871340,  0.0000000000],
         [ 0.0000000000,  0.0000000000,  0.0000000000,  0.0000000000,
           0.0000000000,  0.0000000000,  0.0000000000, -0.4821519852,
           0.6149756908,  0.6149756908, -0.6034871340,  0.0000000000],
         [ 0.0000000000,  0.0000000000,  0.0000000000,  0.0000000000,
          -0.4821519852, -0.4821519852, -0.4821519852,  0.6149756908,
           0.6149756908,  0.6149756908, -0.6034871340,  0.0000000000],
         [ 0.0000000000,  0.0000000000,  0.0000000000,  0.6149756908,
           0.6149756908,  0.6149756908,  0.6149756908,  0.6149756908,
           0.6149756908,  0.6149756908, -0.6034871340,  0.0000000000],
         [ 0.0000000000,  0.6149756908,  0.6149756908,  0.6149756908,
           0.6149756908,  0.6149756908,  0.6149756908,  0.6149756908,
           0.6149756908,  0.6149756908, -0.6034871340,  0.0000000000],
         [ 0.0000000000,  0.6149756908,  0.4341016412,  0.4341016412,
           0.4341016412,  0.6149756908,  0.6149756908,  0.6149756908,
           0.6149756908,  0.6149756908, -0.6034871340,  0.0000000000],
         [ 0.0000000000,  0.0000000000,  0.6149756908,  0.4341016412,
           0.6149756908,  0.6149756908,  0.6149756908,  0.6149756908,
           0.6149756908,  0.6149756908, -0.6034871340,  0.0000000000],
         [ 0.0000000000,  0.0000000000,  0.6149756908,  0.6149756908,
           0.6149756908,  0.6149756908,  0.6149756908,  0.6149756908,
           0.6149756908,  0.6149756908, -0.6034871340,  0.0000000000],
         [-0.6034871340,  0.6149756908,  0.0000000000,  0.0000000000,
           0.6149756908,  0.6149756908,  0.6149756908,  0.6149756908,
           0.6149756908,  0.6149756908, -0.6034871340,  0.0000000000],
         [ 0.0000000000,  0.0000000000,  0.0000000000,  0.0000000000,
           0.6149756908,  0.6149756908,  0.6149756908,  0.6149756908,
           0.6149756908,  0.6149756908,  0.6149756908,  0.6149756908]],

        [[ 0.0000000000,  0.0000000000,  0.0000000000,  0.0000000000,
           0.0000000000,  0.0000000000,  0.0000000000,  0.0000000000,
           0.0000000000,  0.0000000000,  0.0000000000,  0.0000000000],
         [ 0.0000000000,  0.0000000000,  0.0000000000,  0.0000000000,
           0.0000000000,  0.0000000000,  0.0000000000,  0.0000000000,
           0.0000000000,  0.0000000000,  0.0000000000,  0.0000000000],
         [ 0.0000000000,  0.0000000000,  0.0000000000,  0.0000000000,
           0.0000000000,  0.0000000000,  0.0000000000, -1.3387963772,
          -0.4821519852, -1.3387963772,  0.0000000000,  0.0000000000],
         [ 0.0000000000,  0.0000000000,  0.0000000000,  0.0000000000,
           0.0000000000,  0.0000000000, -0.4821519852, -0.4821519852,
           0.6149756908, -0.4821519852, -0.6034871340,  0.0000000000],
         [ 0.0000000000,  0.0000000000,  0.0000000000,  0.0000000000,
          -0.4821519852, -0.4821519852,  0.6149756908,  0.6149756908,
           0.6149756908,  0.6149756908, -0.6034871340,  0.0000000000],
         [ 0.0000000000,  0.0000000000,  0.0000000000,  0.6149756908,
           0.6149756908,  0.6149756908,  0.6149756908,  0.6149756908,
           0.6149756908,  0.6149756908, -0.6034871340,  0.0000000000],
         [ 0.0000000000,  0.0000000000,  0.6149756908,  0.6149756908,
           0.6149756908,  0.6149756908,  0.6149756908,  0.6149756908,
           0.6149756908,  0.6149756908, -0.6034871340,  0.0000000000],
         [ 0.0000000000,  0.0000000000,  0.6149756908,  0.6149756908,
           0.6149756908,  0.6149756908,  0.6149756908,  0.6149756908,
           0.6149756908,  0.6149756908, -0.6034871340,  0.0000000000],
         [ 0.0000000000,  0.0000000000,  0.6149756908,  0.6149756908,
           0.6149756908,  0.6149756908,  0.6149756908,  0.6149756908,
           0.6149756908,  0.6149756908, -0.6034871340,  0.0000000000],
         [ 0.0000000000,  0.0000000000,  0.6149756908,  0.6149756908,
           0.6149756908,  0.6149756908,  0.6149756908,  0.6149756908,
           0.6149756908,  0.6149756908, -0.6034871340,  0.0000000000],
         [-0.6034871340,  0.6149756908,  0.0000000000,  0.6149756908,
           0.6149756908,  0.6149756908,  0.6149756908,  0.6149756908,
           0.6149756908,  0.6149756908, -0.6034871340,  0.0000000000],
         [ 0.0000000000,  0.0000000000,  0.0000000000,  0.6149756908,
           0.6149756908,  0.6149756908,  0.6149756908,  0.6149756908,
           0.6149756908,  0.6149756908,  0.6149756908,  0.6149756908]],

        [[ 0.0000000000,  0.0000000000,  0.0000000000,  0.0000000000,
           0.0000000000,  0.0000000000,  0.0000000000,  0.0000000000,
           0.0000000000,  0.0000000000,  0.0000000000,  0.0000000000],
         [ 0.0000000000,  0.0000000000,  0.0000000000,  0.0000000000,
           0.0000000000,  0.0000000000,  0.0000000000,  0.0000000000,
           0.0000000000,  0.0000000000,  0.0000000000,  0.0000000000],
         [ 0.0000000000,  0.0000000000,  0.0000000000, -1.3387963772,
           0.0000000000,  0.0000000000,  0.0000000000,  0.0000000000,
           0.0000000000,  0.0000000000,  0.0000000000,  0.0000000000],
         [ 0.0000000000,  0.0000000000,  0.0000000000, -1.3387963772,
          -1.3387963772,  0.0000000000, -0.4821519852, -0.4821519852,
          -0.4821519852, -1.3387963772,  0.0000000000,  0.0000000000],
         [ 0.0000000000,  0.0000000000,  0.0000000000,  1.4438804388,
          -0.4821519852, -0.4821519852,  0.6149756908,  0.6149756908,
           0.6149756908, -0.4821519852, -0.6034871340,  0.0000000000],
         [ 0.0000000000,  0.0000000000,  0.6149756908,  0.6149756908,
           0.6149756908,  0.6149756908,  0.6149756908,  0.6149756908,
           0.6149756908,  0.6149756908, -0.6034871340,  0.0000000000],
         [ 0.0000000000,  0.0000000000,  0.6149756908,  0.6149756908,
           0.6149756908,  0.6149756908,  0.6149756908,  0.6149756908,
           0.6149756908,  0.6149756908, -0.6034871340,  0.0000000000],
         [ 0.0000000000,  0.0000000000,  0.6149756908,  0.6149756908,
           0.6149756908,  0.6149756908,  0.6149756908,  0.6149756908,
           0.6149756908,  0.6149756908, -0.6034871340,  0.0000000000],
         [ 0.0000000000,  0.0000000000,  0.6149756908,  0.6149756908,
           0.6149756908,  0.6149756908,  0.6149756908,  0.6149756908,
           0.6149756908,  0.6149756908, -0.6034871340,  0.0000000000],
         [ 0.0000000000,  0.0000000000,  0.6149756908,  0.6149756908,
           0.6149756908,  0.6149756908,  0.6149756908,  0.6149756908,
           0.6149756908,  0.6149756908, -0.6034871340,  0.0000000000],
         [-0.6034871340,  0.6149756908,  0.0000000000,  0.6149756908,
           0.6149756908,  0.6149756908,  0.6149756908,  0.6149756908,
           0.6149756908,  0.6149756908, -0.6034871340,  0.0000000000],
         [ 0.0000000000,  0.0000000000,  0.0000000000,  0.6149756908,
           0.6149756908,  0.6149756908,  0.6149756908,  0.6149756908,
           0.6149756908,  0.6149756908,  0.6149756908,  0.6149756908]],

        [[ 0.0000000000,  0.0000000000,  0.0000000000,  0.0000000000,
           0.0000000000,  0.0000000000,  0.0000000000,  0.0000000000,
           0.0000000000,  0.0000000000,  0.0000000000,  0.0000000000],
         [ 0.0000000000,  0.0000000000,  0.0000000000,  0.0000000000,
           0.0000000000,  0.0000000000,  0.0000000000,  0.0000000000,
           0.0000000000,  0.0000000000,  0.0000000000,  0.0000000000],
         [ 0.0000000000,  1.4438804388,  1.4438804388, -1.3387963772,
           0.0000000000,  0.0000000000,  0.0000000000,  0.0000000000,
           0.0000000000,  0.0000000000,  0.0000000000,  0.0000000000],
         [ 0.0000000000,  0.0000000000,  0.6149756908,  1.4438804388,
           0.0000000000, -1.3387963772, -0.4821519852,  0.0000000000,
           0.0000000000,  0.0000000000,  0.0000000000,  0.0000000000],
         [ 0.0000000000,  0.0000000000,  0.6149756908,  0.6149756908,
           1.4438804388, -0.4821519852,  0.6149756908,  0.6149756908,
          -0.4821519852, -1.3387963772,  0.0000000000,  0.0000000000],
         [ 0.0000000000,  0.0000000000,  0.6149756908,  0.6149756908,
           0.6149756908,  0.6149756908,  0.6149756908,  0.6149756908,
           0.6149756908, -0.4821519852, -0.6034871340,  0.0000000000],
         [ 0.0000000000,  0.0000000000,  0.6149756908,  0.6149756908,
           0.6149756908,  0.6149756908,  0.6149756908,  0.6149756908,
           0.6149756908,  0.6149756908, -0.6034871340,  0.0000000000],
         [ 0.0000000000,  0.0000000000,  0.6149756908,  0.6149756908,
           0.6149756908,  0.6149756908,  0.4341016412,  0.6149756908,
           0.6149756908,  0.6149756908, -0.6034871340,  0.0000000000],
         [ 0.0000000000,  0.0000000000,  0.6149756908,  0.6149756908,
           0.6149756908,  0.6149756908,  0.6149756908,  0.6149756908,
           0.6149756908,  0.6149756908, -0.6034871340,  0.0000000000],
         [ 0.0000000000,  0.0000000000,  0.6149756908,  0.6149756908,
           0.6149756908,  0.6149756908,  0.6149756908,  0.6149756908,
           0.6149756908,  0.6149756908, -0.6034871340,  0.0000000000],
         [ 0.0000000000,  0.6149756908,  0.6149756908,  0.6149756908,
           0.6149756908,  0.6149756908,  0.6149756908,  0.6149756908,
           0.6149756908,  0.6149756908, -0.6034871340,  0.0000000000],
         [ 0.6149756908,  0.0000000000,  0.6149756908,  0.6149756908,
           0.6149756908,  0.6149756908,  0.6149756908,  0.6149756908,
           0.6149756908,  0.6149756908,  0.6149756908,  0.6149756908]],

        [[ 0.0000000000,  0.0000000000,  0.0000000000,  0.0000000000,
           0.0000000000,  0.0000000000,  0.0000000000,  0.0000000000,
           0.0000000000,  0.0000000000,  0.0000000000,  0.0000000000],
         [ 0.0000000000,  0.0000000000,  0.0000000000,  0.0000000000,
           0.0000000000,  0.0000000000,  0.0000000000,  0.0000000000,
           0.0000000000,  0.0000000000,  0.0000000000,  0.0000000000],
         [ 0.0000000000,  0.0000000000,  1.4438804388, -1.3387963772,
           0.0000000000,  0.0000000000,  0.0000000000,  0.0000000000,
           0.0000000000,  0.0000000000,  0.0000000000,  0.0000000000],
         [ 0.0000000000,  0.0000000000,  0.6149756908,  1.4438804388,
           0.0000000000, -1.3387963772,  0.0000000000,  0.0000000000,
           0.0000000000,  0.0000000000,  0.0000000000,  0.0000000000],
         [ 0.0000000000,  0.6149756908,  0.6149756908,  0.6149756908,
           1.4438804388, -0.4821519852, -1.3387963772,  0.0000000000,
          -1.3387963772,  0.0000000000,  0.0000000000,  0.0000000000],
         [ 0.0000000000,  0.6149756908,  0.6149756908,  0.6149756908,
           0.6149756908,  0.6149756908,  0.5916991234,  0.0000000000,
          -0.4821519852, -0.4821519852, -0.6034871340,  0.0000000000],
         [ 0.0000000000,  0.6149756908,  0.6149756908,  0.6149756908,
           0.6149756908,  0.6149756908,  0.5916991234,  0.6149756908,
           0.6149756908,  0.6149756908, -0.6034871340,  0.0000000000],
         [ 0.0000000000,  0.6149756908,  0.6149756908,  0.6149756908,
           0.6149756908,  0.4341016412,  0.5916991234,  0.0000000000,
           0.6149756908,  0.6149756908, -0.6034871340,  0.0000000000],
         [ 0.0000000000,  0.6149756908,  0.6149756908,  0.6149756908,
           0.6149756908,  0.6149756908,  0.4341016412,  0.6149756908,
           0.6149756908,  0.6149756908, -0.6034871340,  0.0000000000],
         [ 0.0000000000,  0.6149756908,  0.6149756908,  0.6149756908,
           0.6149756908,  0.6149756908,  0.6149756908,  0.6149756908,
           0.6149756908,  0.6149756908, -0.6034871340,  0.0000000000],
         [-0.6034871340,  0.6149756908,  0.6149756908,  0.6149756908,
           0.6149756908,  0.6149756908,  0.6149756908,  0.6149756908,
           0.6149756908,  0.6149756908, -0.6034871340,  0.0000000000],
         [ 0.6149756908,  0.6149756908,  0.6149756908,  0.6149756908,
           0.6149756908,  0.6149756908,  0.6149756908,  0.6149756908,
           0.6149756908,  0.6149756908,  0.6149756908,  0.6149756908]],

        [[ 0.0000000000,  0.0000000000,  0.0000000000,  0.0000000000,
           0.0000000000,  0.0000000000,  0.0000000000,  0.0000000000,
           0.0000000000,  0.0000000000,  0.0000000000,  0.0000000000],
         [ 0.0000000000,  0.0000000000,  0.0000000000,  0.0000000000,
           0.0000000000,  0.0000000000,  0.0000000000,  0.0000000000,
           0.0000000000,  0.0000000000,  0.0000000000,  0.0000000000],
         [ 0.0000000000,  0.0000000000,  0.0000000000, -1.3387963772,
           0.0000000000,  0.0000000000,  0.0000000000,  0.0000000000,
           0.0000000000,  0.0000000000,  0.0000000000,  0.0000000000],
         [ 0.0000000000,  0.0000000000,  0.6149756908,  1.4438804388,
          -1.3387963772,  0.0000000000,  0.0000000000,  0.0000000000,
           0.0000000000,  0.0000000000,  0.0000000000,  0.0000000000],
         [ 0.0000000000,  0.0000000000,  0.6149756908,  0.6149756908,
           1.4438804388, -0.4821519852, -0.4821519852, -0.4821519852,
          -1.3387963772,  0.0000000000,  0.0000000000,  0.0000000000],
         [ 0.0000000000,  0.6149756908,  0.6149756908,  0.6149756908,
           0.6149756908,  0.6149756908,  0.6149756908,  0.6149756908,
          -0.4821519852, -1.3387963772,  0.0000000000,  0.0000000000],
         [ 0.0000000000,  0.6149756908,  0.6149756908,  0.6149756908,
           0.6149756908,  0.6149756908,  0.6149756908,  0.6149756908,
           0.6149756908, -0.4821519852, -0.6034871340,  0.0000000000],
         [ 0.0000000000,  0.6149756908,  0.6149756908,  0.6149756908,
           0.6149756908,  0.6149756908,  0.4341016412,  0.6149756908,
           0.6149756908,  0.6149756908, -0.6034871340,  0.0000000000],
         [-0.6034871340,  0.6149756908,  0.6149756908,  0.6149756908,
           0.6149756908,  0.6149756908,  0.6149756908,  0.6149756908,
           0.6149756908,  0.6149756908, -0.6034871340,  0.0000000000],
         [ 0.0000000000,  0.0000000000,  0.6149756908,  0.6149756908,
           0.6149756908,  0.6149756908,  0.6149756908,  0.6149756908,
           0.6149756908,  0.6149756908, -0.6034871340,  0.0000000000],
         [ 0.0000000000,  0.0000000000,  0.6149756908,  0.6149756908,
           0.6149756908,  0.6149756908,  0.6149756908,  0.6149756908,
           0.6149756908,  0.6149756908, -0.6034871340,  0.0000000000],
         [ 0.6149756908,  0.6149756908,  0.6149756908,  0.6149756908,
           0.6149756908,  0.0000000000,  0.0000000000,  0.6149756908,
           0.6149756908,  0.6149756908,  0.6149756908,  0.0000000000]],

        [[ 0.0000000000,  0.0000000000,  0.0000000000,  0.0000000000,
           0.0000000000,  0.0000000000,  0.0000000000,  0.0000000000,
           0.0000000000,  0.0000000000,  0.0000000000,  0.0000000000],
         [ 0.0000000000,  0.0000000000,  0.0000000000,  0.0000000000,
           0.0000000000,  0.0000000000,  0.0000000000,  0.0000000000,
           0.0000000000,  0.0000000000,  0.0000000000,  0.0000000000],
         [ 0.0000000000,  0.0000000000, -0.6034871340,  0.0000000000,
           0.0000000000,  0.0000000000,  0.0000000000,  0.0000000000,
           0.0000000000,  0.0000000000,  0.0000000000,  0.0000000000],
         [ 0.0000000000,  0.0000000000,  0.0000000000,  0.0000000000,
          -0.6034871340,  0.0000000000,  0.0000000000,  0.0000000000,
           0.0000000000,  0.0000000000,  0.0000000000,  0.0000000000],
         [ 0.0000000000,  0.0000000000, -0.6034871340,  0.0000000000,
          -0.6034871340,  0.0000000000, -0.6034871340,  0.0000000000,
           0.0000000000,  0.0000000000,  0.0000000000,  0.0000000000],
         [ 0.0000000000,  0.0000000000, -0.6034871340, -0.6034871340,
          -0.6034871340, -0.6034871340, -0.6034871340,  0.0000000000,
           0.0000000000,  0.0000000000,  0.0000000000,  0.0000000000],
         [ 0.0000000000, -0.6034871340, -0.6034871340, -0.6034871340,
          -0.6034871340, -0.6034871340, -0.6034871340,  0.0000000000,
           0.0000000000, -0.6034871340,  0.0000000000,  0.0000000000],
         [ 0.0000000000, -0.6034871340, -0.6034871340, -0.6034871340,
          -0.6034871340, -0.6034871340, -0.6034871340,  0.0000000000,
          -0.6034871340, -0.6034871340,  0.0000000000,  0.0000000000],
         [ 0.0000000000, -0.6034871340, -0.6034871340, -0.6034871340,
          -0.6034871340, -0.6034871340, -0.6034871340, -0.6034871340,
          -0.6034871340,  0.0000000000,  0.0000000000,  0.0000000000],
         [ 0.0000000000, -0.6034871340, -0.6034871340, -0.6034871340,
          -0.6034871340, -0.6034871340, -0.6034871340, -0.6034871340,
          -0.6034871340,  0.0000000000, -0.6034871340,  0.0000000000],
         [ 0.0000000000,  0.0000000000,  0.0000000000, -0.6034871340,
          -0.6034871340, -0.6034871340, -0.6034871340, -0.6034871340,
           0.0000000000, -0.6034871340,  0.0000000000,  0.0000000000],
         [ 0.0000000000,  0.6149756908,  0.6149756908,  0.6149756908,
           0.0000000000,  0.0000000000,  0.6149756908,  0.6149756908,
           0.6149756908,  0.6149756908, -0.1952793300,  0.0000000000]],

        [[ 0.0000000000,  0.0000000000,  0.0000000000,  0.0000000000,
           0.0000000000,  0.0000000000,  0.0000000000,  0.0000000000,
           0.0000000000,  0.0000000000,  0.0000000000,  0.0000000000],
         [ 0.0000000000,  0.0000000000,  0.0000000000,  0.0000000000,
           0.0000000000,  0.0000000000,  0.0000000000,  0.0000000000,
           0.0000000000,  0.0000000000,  0.0000000000,  0.0000000000],
         [ 0.0000000000,  0.0000000000,  0.0000000000,  0.0000000000,
           0.0000000000,  0.0000000000,  0.0000000000,  0.0000000000,
           0.0000000000,  0.0000000000,  0.0000000000,  0.0000000000],
         [ 0.0000000000,  0.0000000000,  0.0000000000,  0.0000000000,
           0.0000000000,  0.0000000000,  0.0000000000,  0.0000000000,
           0.0000000000,  0.0000000000,  0.0000000000,  0.0000000000],
         [ 0.0000000000,  0.0000000000,  0.0000000000,  0.0000000000,
           0.0000000000,  0.0000000000,  0.0000000000,  0.0000000000,
           0.0000000000,  0.0000000000,  0.0000000000,  0.0000000000],
         [ 0.0000000000,  0.0000000000,  0.0000000000,  0.0000000000,
           0.0000000000,  0.0000000000,  0.0000000000,  0.0000000000,
           0.0000000000,  0.0000000000,  0.0000000000,  0.0000000000],
         [ 0.0000000000,  0.0000000000,  0.0000000000,  0.0000000000,
           0.0000000000,  0.0000000000,  0.0000000000,  0.0000000000,
           0.0000000000,  0.0000000000,  0.0000000000,  0.0000000000],
         [ 0.0000000000,  0.0000000000,  0.0000000000,  0.0000000000,
           0.0000000000,  0.0000000000,  0.0000000000,  0.0000000000,
           0.0000000000,  0.0000000000,  0.0000000000,  0.0000000000],
         [ 0.0000000000,  0.0000000000,  0.0000000000,  0.0000000000,
           0.0000000000,  0.0000000000,  0.0000000000,  0.0000000000,
           0.0000000000,  0.0000000000,  0.0000000000,  0.0000000000],
         [ 0.0000000000,  0.0000000000,  0.0000000000,  0.0000000000,
           0.0000000000,  0.0000000000,  0.0000000000,  0.0000000000,
           0.0000000000,  0.0000000000,  0.0000000000,  0.0000000000],
         [ 0.0000000000,  0.0000000000,  0.0000000000,  0.0000000000,
           0.0000000000,  0.0000000000,  0.0000000000,  0.0000000000,
           0.0000000000,  0.0000000000,  0.0000000000,  0.0000000000],
         [ 0.0000000000,  0.0000000000,  0.0000000000,  0.0000000000,
           0.0000000000,  0.0000000000,  0.6149756908,  0.6149756908,
           0.6149756908,  0.6149756908,  0.0000000000,  0.0000000000]]])
tensor([[[ 0.0000000000,  0.0000000000,  0.0000000000,  0.0000000000,
           0.0000000000,  0.0000000000,  0.0000000000,  0.0000000000,
           0.0000000000,  0.0000000000,  0.0000000000,  0.0000000000],
         [ 0.0000000000,  0.0000000000,  0.0000000000,  0.0000000000,
           0.0000000000,  0.0000000000,  0.0000000000,  0.0000000000,
           0.0000000000,  0.0000000000,  0.0000000000,  0.0000000000],
         [ 0.0000000000,  0.0000000000,  0.0000000000,  0.0000000000,
           0.0000000000,  0.0000000000,  0.0000000000,  0.0000000000,
           0.0000000000,  0.0000000000,  0.0000000000,  0.0000000000],
         [ 0.0000000000,  0.0000000000,  0.0000000000,  0.0000000000,
           0.0000000000,  0.0000000000,  0.0000000000,  0.0000000000,
           0.0000000000,  0.0000000000,  0.0000000000,  0.0000000000],
         [ 0.0000000000,  0.0000000000,  0.0000000000,  0.0000000000,
           0.0000000000,  0.0000000000,  0.0000000000,  0.0000000000,
           0.0000000000,  0.0000000000,  0.0000000000,  0.0000000000],
         [ 0.0000000000,  0.0000000000,  0.0000000000,  0.0000000000,
           0.0000000000,  0.0000000000,  0.0000000000,  0.0000000000,
           0.0000000000,  0.0000000000,  0.0000000000,  0.0000000000],
         [ 0.0000000000,  0.0000000000,  0.0000000000,  0.0000000000,
           0.0000000000,  0.0000000000,  0.0000000000,  0.0000000000,
           0.0000000000,  0.0000000000,  0.0000000000,  0.0000000000],
         [ 0.0000000000,  0.0000000000,  0.0000000000,  0.0000000000,
           0.0000000000,  0.0000000000,  0.0000000000,  0.0000000000,
           0.0000000000,  0.0000000000,  0.0000000000,  0.0000000000],
         [ 0.0000000000,  0.0000000000,  0.0000000000,  0.0000000000,
           0.0000000000,  0.0000000000,  0.0000000000,  0.0000000000,
           0.0000000000,  0.0000000000,  0.0000000000,  0.0000000000],
         [ 0.0000000000,  0.0000000000,  0.0000000000,  0.0000000000,
           0.0000000000,  0.0000000000,  0.0000000000,  0.0000000000,
           0.0000000000,  0.0000000000,  0.0000000000,  0.0000000000],
         [ 0.0000000000,  0.0000000000,  0.0000000000,  0.0000000000,
           0.0000000000,  0.0000000000,  0.0000000000,  0.0000000000,
           0.0000000000,  0.0000000000,  0.0000000000,  0.0000000000],
         [ 0.0000000000,  0.0000000000,  0.0000000000,  0.0000000000,
           0.0000000000,  0.0000000000,  0.0000000000,  0.0000000000,
           0.0000000000,  0.0000000000,  0.0000000000,  0.0000000000]],

        [[ 0.0000000000,  0.0000000000,  0.0000000000,  0.0000000000,
           0.0000000000,  0.0000000000,  0.0000000000,  0.0000000000,
           0.0000000000,  0.0000000000,  0.0000000000,  0.0000000000],
         [ 0.0000000000,  0.0000000000,  0.0000000000,  0.0000000000,
           0.0000000000,  0.0000000000,  0.0000000000,  0.0000000000,
           0.0000000000,  0.0000000000,  0.0000000000,  0.0000000000],
         [ 0.0000000000,  0.0000000000,  0.0000000000,  0.0000000000,
           0.0000000000,  0.0000000000,  0.0000000000,  0.0000000000,
           0.3368058801,  0.0000000000,  0.0000000000,  0.0000000000],
         [ 0.0000000000,  0.0000000000,  0.0000000000,  0.0000000000,
           0.0000000000,  0.0000000000,  0.0000000000,  0.0000000000,
           0.0000000000,  0.0000000000,  0.0000000000,  0.0000000000],
         [ 0.0000000000,  0.0000000000,  0.0000000000,  0.0000000000,
           0.0000000000,  0.0000000000,  0.0000000000,  0.0000000000,
           0.0000000000,  0.0000000000,  0.0000000000,  0.0000000000],
         [ 0.0000000000,  0.0000000000,  0.0000000000,  0.0000000000,
           0.0000000000,  0.0000000000,  0.0000000000,  0.0000000000,
           0.0000000000,  0.0000000000,  0.0000000000,  0.0000000000],
         [ 0.0000000000,  0.0000000000,  0.0000000000,  0.0000000000,
           0.0000000000,  0.0000000000,  0.0000000000,  0.0000000000,
           0.0000000000,  0.0000000000,  0.0000000000,  0.0000000000],
         [ 0.0000000000,  0.0000000000,  0.0000000000,  0.0000000000,
           0.0000000000,  0.0000000000,  0.0000000000,  0.0000000000,
           0.0000000000,  0.0000000000,  0.0000000000,  0.0000000000],
         [ 0.0000000000,  0.0000000000,  0.0000000000,  0.0000000000,
           0.0000000000,  0.0000000000,  0.0000000000,  0.0000000000,
           0.0000000000,  0.0000000000,  0.0000000000,  0.0000000000],
         [ 0.0000000000,  0.0000000000,  0.0000000000,  0.0000000000,
           0.0000000000,  0.0000000000,  0.0000000000,  0.0000000000,
           0.0000000000,  0.0000000000,  0.0000000000,  0.0000000000],
         [ 0.0000000000,  0.0000000000,  0.0000000000,  0.0000000000,
           0.0000000000,  0.0000000000,  0.0000000000,  0.0000000000,
           0.0000000000,  0.0000000000,  0.0000000000,  0.0000000000],
         [ 0.0000000000,  0.0000000000,  0.0000000000,  0.0000000000,
           0.0000000000,  0.0000000000,  0.0000000000,  0.0000000000,
           0.0000000000,  0.0000000000,  0.0000000000,  0.0000000000]],

        [[ 0.0000000000,  0.0000000000,  0.0000000000,  0.0000000000,
           0.0000000000,  0.0000000000,  0.0000000000,  0.0000000000,
           0.0000000000,  0.0000000000,  0.0000000000,  0.0000000000],
         [ 0.0000000000,  0.0000000000,  0.0000000000,  0.0000000000,
           0.0000000000,  0.0000000000,  0.0000000000,  0.0000000000,
           0.0000000000,  0.0000000000,  0.0000000000,  0.0000000000],
         [ 0.0000000000,  0.0000000000,  0.0000000000,  0.0000000000,
           0.0000000000,  0.0000000000,  0.0000000000,  0.0000000000,
           0.0000000000,  0.0000000000,  0.0000000000,  0.0000000000],
         [ 0.0000000000,  0.0000000000,  0.0000000000,  0.0000000000,
           0.0000000000,  0.0000000000,  0.0000000000,  0.0000000000,
           0.0000000000,  0.0000000000,  0.0000000000,  0.0000000000],
         [ 0.0000000000,  0.0000000000,  0.0000000000,  0.0000000000,
           0.0000000000,  0.0000000000,  0.0000000000,  0.0000000000,
           0.0000000000,  0.0000000000,  0.0000000000,  0.0000000000],
         [ 0.0000000000,  0.0000000000,  0.0000000000,  0.0000000000,
           0.0000000000,  0.0000000000,  0.0000000000,  0.0000000000,
           0.0000000000,  0.0000000000,  0.0000000000,  0.0000000000],
         [ 0.0000000000,  0.0000000000,  0.0000000000,  0.0000000000,
           0.0000000000,  0.0000000000,  0.0000000000,  0.0000000000,
           0.0000000000,  0.0000000000,  0.0000000000,  0.0000000000],
         [ 0.0000000000,  0.0000000000,  0.0000000000,  0.0000000000,
           0.0000000000,  0.0000000000,  0.0000000000,  0.0000000000,
           0.0000000000,  0.0000000000,  0.0000000000,  0.0000000000],
         [ 0.0000000000,  0.0000000000,  0.0000000000,  0.0000000000,
           0.0000000000,  0.0000000000,  0.0000000000,  0.0000000000,
           0.0000000000,  0.0000000000,  0.0000000000,  0.0000000000],
         [ 0.0000000000,  0.0000000000,  0.0000000000,  0.0000000000,
           0.0000000000,  0.0000000000,  0.0000000000,  0.0000000000,
           0.0000000000,  0.0000000000,  0.0000000000,  0.0000000000],
         [ 0.0000000000,  0.0000000000,  0.0000000000,  0.0000000000,
           0.0000000000,  0.0000000000,  0.0000000000,  0.0000000000,
           0.0000000000,  0.0000000000,  0.0000000000,  0.0000000000],
         [ 0.0000000000,  0.0000000000,  0.0000000000,  0.0000000000,
           0.0000000000,  0.0000000000,  0.0000000000,  0.0000000000,
           0.0000000000,  0.0000000000,  0.0000000000,  0.0000000000]],

        [[ 0.0000000000,  0.0000000000,  0.0000000000,  0.0000000000,
           0.0000000000,  0.0000000000,  0.0000000000,  0.0000000000,
           0.0000000000,  0.0000000000,  0.0000000000,  0.0000000000],
         [ 0.0000000000,  0.0000000000,  0.0000000000,  0.0000000000,
           0.0000000000,  0.0000000000,  0.0000000000,  0.0000000000,
           0.0000000000,  0.0000000000,  0.0000000000,  0.0000000000],
         [ 0.0000000000,  0.0000000000,  0.0000000000,  0.0000000000,
           0.0000000000,  0.0000000000,  0.0000000000,  0.0000000000,
           0.0000000000,  0.0000000000,  0.0000000000,  0.0000000000],
         [ 0.0000000000,  0.0000000000,  0.0000000000,  0.0000000000,
           0.0000000000,  0.0000000000,  0.0000000000,  0.0000000000,
           0.0000000000,  0.0000000000,  0.0000000000,  0.0000000000],
         [ 0.0000000000,  0.0000000000,  0.0000000000,  0.0000000000,
           0.0000000000,  0.0000000000,  0.0000000000,  0.0000000000,
           0.0000000000,  0.0000000000,  0.0000000000,  0.0000000000],
         [ 0.0000000000,  0.0000000000,  0.0000000000,  0.0000000000,
           0.0000000000,  0.0000000000,  0.0000000000,  0.0000000000,
           0.0000000000,  0.0000000000,  0.0000000000,  0.0000000000],
         [ 0.0000000000,  0.0000000000,  0.0000000000,  0.0000000000,
           0.0000000000,  0.0000000000,  0.0000000000,  0.0000000000,
           0.0000000000,  0.0000000000,  0.0000000000,  0.0000000000],
         [ 0.0000000000,  0.0000000000,  0.0000000000,  0.0000000000,
           0.0000000000,  0.0000000000,  0.0000000000,  0.0000000000,
           0.0000000000,  0.0000000000,  0.0000000000,  0.0000000000],
         [ 0.0000000000,  0.0000000000,  0.0000000000,  0.0000000000,
           0.0000000000,  0.0000000000,  0.0000000000,  0.0000000000,
           0.0000000000,  0.0000000000,  0.0000000000,  0.0000000000],
         [ 0.0000000000,  0.0000000000,  0.0000000000,  0.0000000000,
           0.0000000000,  0.0000000000,  0.0000000000,  0.0000000000,
           0.0000000000,  0.0000000000,  0.0000000000,  0.0000000000],
         [ 0.0000000000,  0.0000000000,  0.0000000000,  0.0000000000,
           0.0000000000,  0.0000000000,  0.0000000000,  0.0000000000,
           0.0000000000,  0.0000000000,  0.0000000000,  0.0000000000],
         [ 0.0000000000,  0.0000000000,  0.0000000000,  0.0000000000,
           0.0000000000,  0.0000000000,  0.0000000000,  0.0000000000,
           0.0000000000,  0.0000000000,  0.0000000000,  0.0000000000]],

        [[ 0.0000000000,  0.0000000000,  0.0000000000,  0.0000000000,
           0.0000000000,  0.0000000000,  0.0000000000,  0.0000000000,
           0.0000000000,  0.0000000000,  0.0000000000,  0.0000000000],
         [ 0.0000000000,  0.0000000000,  0.0000000000,  0.0000000000,
           0.0000000000,  0.0000000000,  0.0000000000,  0.0000000000,
           0.0000000000,  0.0000000000,  0.0000000000,  0.0000000000],
         [ 0.0000000000,  0.0000000000,  0.0000000000,  0.0000000000,
           0.0000000000,  0.0000000000,  0.0000000000,  0.0000000000,
           0.0000000000,  0.0000000000,  0.0000000000,  0.0000000000],
         [ 0.0000000000,  0.0000000000,  0.0000000000,  0.0000000000,
           0.0000000000,  0.0000000000,  0.0000000000,  0.0000000000,
           0.0000000000,  0.0000000000,  0.0000000000,  0.0000000000],
         [ 0.0000000000,  0.0000000000,  0.0000000000,  0.0000000000,
           0.0000000000,  0.0000000000,  0.0000000000,  0.0000000000,
           0.0000000000,  0.0000000000,  0.0000000000,  0.0000000000],
         [ 0.0000000000,  0.0000000000,  0.0000000000,  1.1697776318,
           0.0000000000,  0.0000000000,  0.0000000000,  0.0000000000,
           0.0000000000,  0.0000000000,  0.0000000000,  0.0000000000],
         [ 0.0000000000,  0.0000000000,  0.0000000000,  0.0000000000,
           0.0000000000,  0.0000000000,  0.0000000000,  0.0000000000,
           0.0000000000,  0.0000000000,  0.0000000000,  0.0000000000],
         [ 0.0000000000,  0.0000000000,  0.0000000000,  0.0000000000,
           0.0000000000,  0.0000000000,  0.0000000000,  0.0000000000,
           0.0000000000,  0.0000000000,  0.0000000000,  0.0000000000],
         [ 0.0000000000,  0.0000000000,  0.0000000000,  0.0000000000,
           0.0000000000,  0.0000000000,  0.0000000000,  0.0000000000,
           0.0000000000,  0.0000000000,  0.0000000000,  0.0000000000],
         [ 0.0000000000,  0.0000000000,  0.0000000000,  0.0000000000,
           0.0000000000,  0.0000000000,  0.0000000000,  0.0000000000,
           0.0000000000,  0.0000000000,  0.0000000000,  0.0000000000],
         [ 0.0000000000,  0.0000000000,  0.0000000000,  0.0000000000,
           0.0000000000,  0.0000000000,  0.0000000000,  0.0000000000,
           0.0000000000,  0.0000000000,  0.0000000000,  0.0000000000],
         [ 0.0000000000,  0.0000000000,  0.0000000000,  0.0000000000,
           0.0000000000,  0.0000000000,  0.0000000000,  0.0000000000,
           0.0000000000,  0.0000000000,  0.0000000000,  0.0000000000]],

        [[ 0.0000000000,  0.0000000000,  0.0000000000,  0.0000000000,
           0.0000000000,  0.0000000000,  0.0000000000,  0.0000000000,
           0.0000000000,  0.0000000000,  0.0000000000,  0.0000000000],
         [ 0.0000000000,  0.0000000000,  0.0000000000,  0.0000000000,
           0.0000000000,  0.0000000000,  0.0000000000,  0.0000000000,
           0.0000000000,  0.0000000000,  0.0000000000,  0.0000000000],
         [ 0.0000000000,  0.0000000000,  0.0000000000,  0.0000000000,
           0.0000000000,  0.0000000000,  0.0000000000,  0.0000000000,
           0.0000000000,  0.0000000000,  0.0000000000,  0.0000000000],
         [ 0.0000000000,  0.0000000000,  0.0000000000,  0.0000000000,
           0.0000000000,  0.0000000000,  0.0000000000,  0.0000000000,
           0.0000000000,  0.0000000000,  0.0000000000,  0.0000000000],
         [ 0.0000000000,  0.0000000000,  0.0000000000,  0.0000000000,
           0.0000000000,  0.0000000000,  0.0000000000,  0.0000000000,
           0.0000000000,  0.0000000000,  0.0000000000,  0.0000000000],
         [ 0.0000000000,  0.0000000000,  0.0000000000,  0.0000000000,
           0.0000000000,  0.0000000000,  0.0000000000,  0.0000000000,
           0.0000000000,  0.0000000000,  0.0000000000,  0.0000000000],
         [ 0.0000000000,  0.0000000000,  0.0000000000,  0.0000000000,
           0.0000000000,  0.0000000000,  0.0000000000,  0.0000000000,
           0.0000000000,  0.0000000000,  0.0000000000,  0.0000000000],
         [ 0.0000000000,  0.0000000000,  0.0000000000,  0.0000000000,
           0.0000000000,  0.0000000000,  0.0000000000,  0.0000000000,
           0.0000000000,  0.0000000000,  0.0000000000,  0.0000000000],
         [ 0.0000000000,  0.0000000000,  0.0000000000,  0.0000000000,
           0.0000000000,  0.0000000000,  0.0000000000,  0.0000000000,
           0.0000000000,  0.0000000000,  0.0000000000,  0.0000000000],
         [ 0.0000000000,  0.0000000000,  0.0000000000,  0.0000000000,
           0.0000000000,  0.0000000000,  0.0000000000,  0.0000000000,
           0.0000000000,  0.0000000000,  0.0000000000,  0.0000000000],
         [ 0.0000000000,  0.0000000000,  0.0000000000,  0.0000000000,
           0.0000000000,  0.0000000000,  0.0000000000,  0.0000000000,
           0.0000000000,  0.0000000000,  0.0000000000,  0.0000000000],
         [ 0.0000000000,  0.0000000000,  0.0000000000,  0.0000000000,
           0.0000000000,  0.0000000000,  0.0000000000,  0.0000000000,
           0.0000000000,  0.0000000000,  0.0000000000,  0.0000000000]],

        [[ 0.0000000000,  0.0000000000,  0.0000000000,  0.0000000000,
           0.0000000000,  0.0000000000,  0.0000000000,  0.0000000000,
           0.0000000000,  0.0000000000,  0.0000000000,  0.0000000000],
         [ 0.0000000000,  0.0000000000,  0.0000000000,  0.0000000000,
           0.0000000000,  0.0000000000,  0.0000000000,  0.0000000000,
           0.0000000000,  0.0000000000,  0.0000000000,  0.0000000000],
         [ 0.0000000000,  0.0000000000,  0.0000000000,  0.0000000000,
           0.0000000000,  0.0000000000,  0.0000000000,  0.0000000000,
           0.0000000000,  0.0000000000,  0.0000000000,  0.0000000000],
         [ 0.0000000000,  0.0000000000,  0.0000000000,  0.0000000000,
           0.0000000000,  0.0000000000,  1.3256309032,  0.0000000000,
           0.0000000000,  0.0000000000,  0.0000000000,  0.0000000000],
         [ 0.0000000000,  0.0000000000,  0.0000000000,  0.0000000000,
           0.0000000000,  0.0000000000, -1.0817081928,  0.0000000000,
           0.0000000000,  0.0000000000,  0.0000000000,  0.0000000000],
         [ 0.0000000000,  0.0000000000,  0.0000000000,  0.0000000000,
           0.0000000000,  0.0000000000,  0.0000000000,  0.0000000000,
           0.0000000000,  0.0000000000,  0.0000000000,  0.0000000000],
         [ 0.0000000000,  0.0000000000,  0.0000000000,  0.0000000000,
           0.0000000000,  0.0000000000,  0.0000000000,  0.0000000000,
           0.0000000000,  0.0000000000,  0.0000000000,  0.0000000000],
         [ 0.0000000000,  0.0000000000,  0.0000000000,  0.0000000000,
           0.0000000000,  0.0000000000,  0.0000000000,  0.0000000000,
           0.0000000000,  0.0000000000,  0.0000000000,  0.0000000000],
         [ 0.0000000000,  0.0000000000,  0.0000000000,  0.0000000000,
           0.0000000000,  0.0000000000,  0.0000000000,  0.0000000000,
           0.0000000000,  0.0000000000,  0.0000000000,  0.0000000000],
         [ 0.0000000000,  0.0000000000,  0.0000000000,  0.0000000000,
           0.0000000000,  0.0000000000,  0.0000000000,  0.0000000000,
           0.0000000000,  0.0000000000,  0.0000000000,  0.0000000000],
         [ 0.0000000000,  0.0000000000,  0.0000000000,  0.0000000000,
           0.0000000000,  0.0000000000,  0.0000000000,  0.0000000000,
           0.0000000000,  0.0000000000,  0.0000000000,  0.0000000000],
         [ 0.0000000000,  0.0000000000,  0.0000000000,  0.0000000000,
           0.0000000000,  0.0000000000,  0.0000000000,  0.0000000000,
           0.0000000000,  0.0000000000,  0.0000000000,  0.0000000000]],

        [[ 0.0000000000,  0.0000000000,  0.0000000000,  0.0000000000,
           0.0000000000,  0.0000000000,  0.0000000000,  0.0000000000,
           0.0000000000,  0.0000000000,  0.0000000000,  0.0000000000],
         [ 0.0000000000,  0.0000000000,  0.0000000000,  0.0000000000,
           0.0000000000,  0.0000000000,  0.0000000000,  0.0000000000,
           0.0000000000,  0.0000000000,  0.0000000000,  0.0000000000],
         [ 0.0000000000,  0.0000000000,  0.0000000000,  0.0000000000,
           0.0000000000,  0.0000000000,  0.0000000000,  0.0000000000,
           0.0000000000,  0.0000000000,  0.0000000000,  0.0000000000],
         [ 0.0000000000,  0.0000000000,  0.0000000000,  0.0000000000,
           0.0000000000,  0.0000000000,  0.0000000000,  0.0000000000,
           0.0000000000,  0.0000000000,  0.0000000000,  0.0000000000],
         [ 0.0000000000,  0.0000000000,  0.0000000000,  0.0000000000,
           0.0000000000,  0.0000000000,  0.0000000000,  0.0000000000,
           0.0000000000,  0.0000000000,  0.0000000000,  0.0000000000],
         [ 0.0000000000,  0.0000000000,  0.0000000000,  0.0000000000,
           0.0000000000,  0.0000000000,  0.0000000000,  0.0000000000,
           0.0000000000,  0.0000000000,  0.0000000000,  0.0000000000],
         [ 0.0000000000,  0.0000000000,  0.0000000000,  0.0000000000,
           0.0000000000,  0.0000000000,  0.0000000000,  0.0000000000,
           0.0000000000,  0.0000000000,  0.0000000000,  0.0000000000],
         [ 0.0000000000,  0.0000000000,  0.0000000000,  0.0000000000,
           0.0000000000,  0.0000000000,  0.0000000000,  0.0000000000,
           0.0000000000,  0.0000000000,  0.0000000000,  0.0000000000],
         [ 0.0000000000,  0.0000000000,  0.0000000000,  0.0000000000,
           0.0000000000,  0.0000000000,  0.0000000000,  0.0000000000,
           0.0000000000,  0.0000000000,  0.0000000000,  0.0000000000],
         [ 0.0000000000,  0.0000000000,  0.0000000000,  0.0000000000,
           0.0000000000,  0.0000000000,  0.0000000000,  0.0000000000,
           0.0000000000,  0.0000000000,  0.0000000000,  0.0000000000],
         [ 0.0000000000,  0.0000000000,  0.0000000000,  0.0000000000,
           0.0000000000,  0.0000000000,  0.0000000000,  0.0000000000,
           0.0000000000,  0.0000000000,  0.0000000000,  0.0000000000],
         [ 0.0000000000,  0.0000000000,  0.0000000000,  0.0000000000,
           0.0000000000,  0.0000000000,  0.0000000000,  0.0000000000,
           0.0000000000,  0.0000000000,  0.0000000000,  0.0000000000]],

        [[ 0.0000000000,  0.0000000000,  0.0000000000,  0.0000000000,
           0.0000000000,  0.0000000000,  0.0000000000,  0.0000000000,
           0.0000000000,  0.0000000000,  0.0000000000,  0.0000000000],
         [ 0.0000000000,  0.0000000000,  0.0000000000,  0.0000000000,
           0.0000000000,  0.0000000000,  0.0000000000,  0.0000000000,
           0.0000000000,  0.0000000000,  0.0000000000,  0.0000000000],
         [ 0.0000000000,  0.0000000000,  0.0000000000,  0.0000000000,
           0.0000000000,  0.0000000000,  0.0000000000,  0.0000000000,
           0.0000000000,  0.0000000000,  0.0000000000,  0.0000000000],
         [ 0.0000000000,  0.0000000000,  0.0000000000,  0.0000000000,
           0.0000000000,  0.0000000000,  0.0000000000,  0.0000000000,
           0.0000000000,  0.0000000000,  0.0000000000,  0.0000000000],
         [ 0.0000000000,  0.0000000000,  0.0000000000,  0.0000000000,
           0.0000000000,  0.0000000000,  0.0000000000,  0.0000000000,
           0.0000000000,  0.0000000000,  0.0000000000,  0.0000000000],
         [ 0.0000000000,  0.0000000000,  0.0000000000,  0.0000000000,
           0.0000000000,  0.0000000000,  0.0000000000,  0.0000000000,
           0.0000000000,  0.0000000000,  0.0000000000,  0.0000000000],
         [ 0.0000000000,  0.0000000000,  0.0000000000,  0.0000000000,
           0.0000000000,  0.0000000000,  0.0000000000,  0.0000000000,
           0.0000000000,  0.0000000000,  0.0000000000,  0.0000000000],
         [ 0.0000000000,  0.0000000000,  0.0000000000,  0.0000000000,
           0.0000000000,  0.0000000000,  0.0000000000,  0.0000000000,
           0.0000000000,  0.0000000000,  0.0000000000,  0.0000000000],
         [ 0.0000000000,  0.0000000000,  0.0000000000,  0.0000000000,
           0.0000000000,  0.0000000000,  0.0000000000,  0.0000000000,
           0.0000000000,  0.0000000000,  0.0000000000,  0.0000000000],
         [ 0.0000000000,  0.0000000000,  0.0000000000,  0.0000000000,
           0.0000000000,  0.0000000000,  0.0000000000,  0.0000000000,
           0.0000000000,  0.0000000000,  0.0000000000,  0.0000000000],
         [ 0.0000000000,  0.0000000000,  0.0000000000,  0.0000000000,
           0.0000000000,  0.0000000000,  0.0000000000,  0.0000000000,
           0.0000000000,  0.0000000000,  0.0000000000,  0.0000000000],
         [ 0.0000000000,  0.0000000000,  0.0000000000,  0.0000000000,
           0.0000000000,  0.0000000000,  0.0000000000,  0.0000000000,
           0.0000000000,  0.0000000000,  0.0000000000,  0.0000000000]],

        [[ 0.0000000000,  0.0000000000,  0.0000000000,  0.0000000000,
           0.0000000000,  0.0000000000,  0.0000000000,  0.0000000000,
           0.0000000000,  0.0000000000,  0.0000000000,  0.0000000000],
         [ 0.0000000000,  0.0000000000,  0.0000000000,  0.0000000000,
           0.0000000000,  0.0000000000,  0.0000000000,  0.0000000000,
           0.0000000000,  0.0000000000,  0.0000000000,  0.0000000000],
         [ 0.0000000000,  0.0000000000,  0.0000000000,  0.0000000000,
           0.0000000000,  0.0000000000,  0.0000000000,  0.0000000000,
           0.0000000000,  0.0000000000,  0.0000000000,  0.0000000000],
         [ 0.0000000000,  0.0000000000,  0.0000000000,  0.0000000000,
           0.0000000000,  0.0000000000,  0.0000000000,  0.0000000000,
           0.0000000000,  0.0000000000,  0.0000000000,  0.0000000000],
         [ 0.0000000000,  0.0000000000,  0.0000000000,  0.0000000000,
           0.0000000000,  0.0000000000,  0.0000000000,  0.0000000000,
           0.0000000000,  0.0000000000,  0.0000000000,  0.0000000000],
         [ 0.0000000000,  0.0000000000,  0.0000000000,  0.0000000000,
           0.0000000000,  0.0000000000,  0.0000000000,  0.0000000000,
           0.0000000000,  0.0000000000,  0.0000000000,  0.0000000000],
         [ 0.0000000000,  0.0000000000,  0.0000000000,  0.0000000000,
           0.0000000000,  0.0000000000,  0.0000000000,  0.0000000000,
           0.0000000000,  0.0000000000,  0.0000000000,  0.0000000000],
         [ 0.0000000000,  0.0000000000,  0.0000000000,  0.0000000000,
           0.0000000000,  0.0000000000,  0.0000000000,  0.0000000000,
           0.0000000000,  0.0000000000,  0.0000000000,  0.0000000000],
         [ 0.0000000000,  0.0000000000,  0.0000000000,  0.0000000000,
           0.0000000000,  0.0000000000,  0.0000000000,  0.0000000000,
           0.0000000000,  0.0000000000,  0.0000000000,  0.0000000000],
         [ 0.0000000000,  0.0000000000,  0.0000000000,  0.0000000000,
           0.0000000000,  0.0000000000,  0.0000000000,  0.0000000000,
           0.0000000000,  0.0000000000,  0.0000000000,  0.0000000000],
         [ 0.0000000000,  0.0000000000,  0.0000000000,  0.0000000000,
           0.0000000000,  0.0000000000,  0.0000000000,  0.0000000000,
           0.0000000000,  0.0000000000,  0.0000000000,  0.0000000000],
         [ 0.0000000000,  0.0000000000,  0.0000000000,  0.0000000000,
           0.0000000000,  0.0000000000,  0.0000000000,  0.0000000000,
           0.0000000000,  0.0000000000,  0.0000000000,  0.0000000000]],

        [[ 0.0000000000,  0.0000000000,  0.0000000000,  0.0000000000,
           0.0000000000,  0.0000000000,  0.0000000000,  0.0000000000,
           0.0000000000,  0.0000000000,  0.0000000000,  0.0000000000],
         [ 0.0000000000,  0.0000000000,  0.0000000000,  0.0000000000,
           0.0000000000,  0.0000000000,  0.0000000000,  0.0000000000,
           0.0000000000,  0.0000000000,  0.0000000000,  0.0000000000],
         [ 0.0000000000,  0.0000000000,  0.0000000000,  0.0000000000,
           0.0000000000,  0.0000000000,  0.0000000000,  0.0000000000,
           0.0000000000,  0.0000000000,  0.0000000000,  0.0000000000],
         [ 0.0000000000,  0.0000000000,  0.0000000000,  0.0000000000,
           0.0000000000,  0.0000000000,  0.0000000000,  0.0000000000,
           0.0000000000,  0.0000000000,  0.0000000000,  0.0000000000],
         [ 0.0000000000,  0.0000000000,  0.0000000000,  0.0000000000,
           0.0000000000,  0.0000000000,  0.0000000000,  0.0000000000,
           0.0000000000,  0.0000000000,  0.0000000000,  0.0000000000],
         [ 0.0000000000,  0.0000000000,  0.0000000000,  0.0000000000,
           0.0000000000,  0.0000000000,  0.0000000000,  0.0000000000,
           0.0000000000,  0.0000000000,  0.0000000000,  0.0000000000],
         [ 0.0000000000,  0.0000000000,  0.0000000000,  0.0000000000,
           0.0000000000,  0.0000000000,  0.0000000000,  0.0000000000,
           0.0000000000,  0.0000000000,  0.0000000000,  0.0000000000],
         [ 0.0000000000,  0.0000000000,  0.0000000000,  0.0000000000,
           0.0000000000,  0.0000000000,  0.0000000000,  0.0000000000,
           0.0000000000,  0.0000000000,  0.0000000000,  0.0000000000],
         [ 0.0000000000,  0.0000000000,  0.0000000000,  0.0000000000,
           0.0000000000,  0.0000000000,  0.0000000000,  0.0000000000,
           0.0000000000,  0.0000000000,  0.0000000000,  0.0000000000],
         [ 0.0000000000,  0.0000000000,  0.0000000000,  0.0000000000,
           0.0000000000,  0.0000000000,  0.0000000000,  0.0000000000,
           0.0000000000,  0.0000000000,  0.0000000000,  0.0000000000],
         [ 0.0000000000,  0.0000000000,  0.0000000000,  0.0000000000,
           0.0000000000,  0.0000000000,  0.0000000000,  0.0000000000,
           0.0000000000,  0.0000000000,  0.0000000000,  0.0000000000],
         [ 0.0000000000,  0.0000000000,  0.0000000000,  0.0000000000,
           0.0000000000,  0.0000000000,  0.0000000000,  0.0000000000,
           0.0000000000,  0.0000000000,  0.0000000000,  0.0000000000]],

        [[ 0.0000000000,  0.0000000000,  0.0000000000,  0.0000000000,
           0.0000000000,  0.0000000000,  0.0000000000,  0.0000000000,
           0.0000000000,  0.0000000000,  0.0000000000,  0.0000000000],
         [ 0.0000000000,  0.0000000000,  0.0000000000,  0.0000000000,
           0.0000000000,  0.0000000000,  0.0000000000,  0.0000000000,
           0.0000000000,  0.0000000000,  0.0000000000,  0.0000000000],
         [ 0.0000000000,  0.0000000000,  0.0000000000,  0.0000000000,
           0.0000000000,  0.0000000000,  0.0000000000,  0.0000000000,
           0.0000000000,  0.0000000000,  0.0000000000,  0.0000000000],
         [ 0.0000000000,  0.0000000000,  0.0000000000,  0.0000000000,
           0.0000000000,  0.0000000000,  0.0000000000,  0.0000000000,
           0.0000000000,  0.0000000000,  0.0000000000,  0.0000000000],
         [ 0.0000000000,  0.0000000000,  0.0000000000,  0.0000000000,
           0.0000000000,  0.0000000000,  0.0000000000,  0.0000000000,
           0.0000000000,  0.0000000000,  0.0000000000,  0.0000000000],
         [ 0.0000000000,  0.0000000000,  0.0000000000,  0.0000000000,
           0.0000000000,  0.0000000000,  0.0000000000,  0.0000000000,
           0.0000000000,  0.0000000000,  0.0000000000,  0.0000000000],
         [ 0.0000000000,  0.0000000000,  0.0000000000,  0.0000000000,
           0.0000000000,  0.0000000000,  0.0000000000,  0.0000000000,
           0.0000000000,  0.0000000000,  0.0000000000,  0.0000000000],
         [ 0.0000000000,  0.0000000000,  0.0000000000,  0.0000000000,
           0.0000000000,  0.0000000000,  0.0000000000,  0.0000000000,
           0.0000000000,  0.0000000000,  0.0000000000,  0.0000000000],
         [ 0.0000000000,  0.0000000000,  0.0000000000,  0.0000000000,
           0.0000000000,  0.0000000000,  0.0000000000,  0.0000000000,
           0.0000000000,  0.0000000000,  0.0000000000,  0.0000000000],
         [ 0.0000000000,  0.0000000000,  0.0000000000,  0.0000000000,
           0.0000000000,  0.0000000000,  0.0000000000,  0.0000000000,
           0.0000000000,  0.0000000000,  0.0000000000,  0.0000000000],
         [ 0.0000000000,  0.0000000000,  0.0000000000,  0.0000000000,
           0.0000000000,  0.0000000000,  0.0000000000,  0.0000000000,
           0.0000000000,  0.0000000000,  0.0000000000,  0.0000000000],
         [ 0.0000000000,  0.0000000000,  0.0000000000,  0.0000000000,
           0.0000000000,  0.0000000000,  0.0000000000,  0.0000000000,
           0.0000000000,  0.0000000000,  0.0000000000,  0.0000000000]]])
torch.Size([32, 39])
tensor([ 7.0000000000,  6.0000000000,  7.0000000000,  4.9741292000,
         5.7434148788,  0.6149756908,  0.0000000000,  0.6149756908,
         0.0000000000,  0.6149756908,  0.0000000000,  0.6149756908,
         0.0000000000,  0.6149756908,  0.0000000000,  0.6149756908,
         0.0000000000,  0.6149756908,  0.0000000000,  0.6149756908,
         0.0000000000,  0.6149756908,  0.0000000000,  0.6149756908,
         0.0000000000,  0.6149756908,  0.0000000000,  0.6149756908,
         0.0000000000,  0.6149756908,  0.0000000000,  0.6149756908,
         0.0000000000,  0.6149756908,  0.0000000000,  0.6149756908,
         0.0000000000, 20.0000000000,  0.0000000000])
env:  4200
model:  115500
env:  4300
model:  115600
model:  115700
env:  4400
model:  115800
env:  4500
model:  115900
KeyboardInterrupt