         [ 0.0000,  0.0000,  0.0000,  0.0000,  0.0000,  0.0000,  0.0000,
           0.0000,  0.0000,  0.0000,  0.0000,  0.0000],
         [ 0.0000,  0.0000,  0.0000,  0.0000,  0.0000,  0.0000,  0.0000,
           0.0000,  0.0000,  0.0000,  0.0000,  0.0000]],

        [[ 0.0000,  0.0000,  0.0000,  0.0000,  0.0000,  0.0000,  0.0000,
           0.0000,  0.0000,  0.0000,  0.0000,  0.0000],
         [ 0.0000,  0.0000,  0.0000,  0.0000,  0.0000,  0.0000,  0.0000,
           0.0000,  0.0000,  0.0000,  0.0000,  0.0000],
         [ 0.0000,  0.0000,  0.0000,  0.0000,  0.0000,  0.0000,  0.0000,
           0.0000,  0.0000,  0.0000,  0.0000,  0.0000],
         [ 0.0000,  0.0000,  0.0000,  0.0000,  0.0000,  0.0000,  0.0000,
           0.0000,  0.0000,  0.0000,  0.0000,  0.0000],
         [ 0.0000,  0.0000,  0.0000,  0.0000,  0.0000,  0.0000,  0.0000,
           0.0000,  0.0000,  0.0000,  0.0000,  0.0000],
         [ 0.0000,  0.0000,  0.0000,  0.0000,  0.0000,  0.0000,  0.0000,
           0.0000,  0.0000,  0.0000,  0.0000,  0.0000],
         [ 0.0000,  0.0000,  0.0000,  0.0000,  0.0000,  0.0000,  0.0000,
           0.0000,  0.0000,  0.0000,  0.0000,  0.0000],
         [ 0.0000,  0.0000,  0.0000,  0.0000,  0.0000,  0.0000,  0.0000,
           0.0000,  0.0000,  0.0000,  0.0000,  0.0000],
         [ 0.0000,  0.0000,  0.0000,  0.0000,  0.0000,  0.0000,  0.0000,
           0.0000,  0.0000,  0.0000,  0.0000,  0.0000],
         [ 0.0000,  0.0000,  0.0000,  0.0000,  0.0000,  0.0000,  0.0000,
           0.0000,  0.0000,  0.0000,  0.0000,  0.0000],
         [ 0.0000,  0.0000,  0.0000,  0.0000,  0.0000,  0.0000,  0.0000,
           0.0000,  0.0000,  0.0000,  0.0000,  0.0000],
         [ 0.0000,  0.0000,  0.0000,  0.0000,  0.0000,  0.0000,  0.0000,
           0.0000,  0.0000,  0.0000,  0.0000,  0.0000]],

        [[ 0.0000,  0.0000,  0.0000,  0.0000,  0.0000,  0.0000,  0.0000,
           0.0000,  0.0000,  0.0000,  0.0000,  0.0000],
         [ 0.0000,  0.0000,  0.0000,  0.0000,  0.0000,  0.0000,  0.0000,
           0.0000,  0.0000,  0.0000,  0.0000,  0.0000],
         [ 0.0000,  0.0000,  0.0000,  0.0000,  0.0000,  0.0000,  0.0000,
           0.0000,  0.0000,  0.0000,  0.0000,  0.0000],
         [ 0.0000,  0.0000,  0.0000,  0.0000,  0.0000,  0.0000,  0.0000,
           0.0000,  0.0000,  0.0000,  0.0000,  0.0000],
         [ 0.0000,  0.0000,  0.0000,  0.0000,  0.0000,  0.0000,  0.0000,
           0.0000,  0.0000,  0.0000,  0.0000,  0.0000],
         [ 0.0000,  0.0000,  0.0000,  0.0000,  0.0000,  0.0000,  0.0000,
           0.0000,  0.0000,  0.0000,  0.0000,  0.0000],
         [ 0.0000,  0.0000,  0.0000,  0.0000,  0.0000,  0.0000,  0.0000,
           0.0000,  0.0000,  0.0000,  0.0000,  0.0000],
         [ 0.0000,  0.0000,  0.0000,  0.0000,  0.0000,  0.0000,  0.0000,
           0.0000,  0.0000,  0.0000,  0.0000,  0.0000],
         [ 0.0000,  0.0000,  0.0000,  0.0000,  0.0000,  0.0000,  0.0000,
           0.0000,  0.0000,  0.0000,  0.0000,  0.0000],
         [ 0.0000,  0.0000,  0.0000,  0.0000,  0.0000,  0.0000,  0.0000,
           0.0000,  0.0000,  0.0000,  0.0000,  0.0000],
         [ 0.0000,  0.0000,  0.0000,  0.0000,  0.0000,  0.0000,  0.0000,
           0.0000,  0.0000,  0.0000,  0.0000,  0.0000],
         [ 0.0000,  0.0000,  0.0000,  0.0000,  0.0000,  0.0000,  0.0000,
           0.0000,  0.0000,  0.0000,  0.0000,  0.0000]],

        [[ 0.0000,  0.0000,  0.0000,  0.0000,  0.0000,  0.0000,  0.0000,
           0.0000,  0.0000,  0.0000,  0.0000,  0.0000],
         [ 0.0000,  0.0000,  0.0000,  0.0000,  0.0000,  0.0000,  0.0000,
           0.0000,  0.0000,  0.0000,  0.0000,  0.0000],
         [ 0.0000,  0.0000,  0.0000,  0.0000,  0.0000,  0.0000,  0.0000,
           0.0000,  0.0000,  0.0000,  0.0000,  0.0000],
         [ 0.0000,  0.0000,  0.0000,  0.0000,  0.0000,  0.0000,  0.0000,
           0.0000,  0.0000,  0.0000,  0.0000,  0.0000],
         [ 0.0000,  0.0000,  0.0000,  0.0000,  0.0000,  0.0000,  0.0000,
           0.0000,  0.0000,  0.0000,  0.0000,  0.0000],
         [ 0.0000,  0.0000,  0.0000,  0.0000,  0.0000,  0.0000,  0.0000,
           0.0000, -1.0817,  0.0000,  0.0000,  0.0000],
         [ 0.0000,  0.0000,  0.0000,  0.0000,  0.0000,  0.0000,  0.0000,
           0.0000,  0.0000,  0.0000,  0.0000,  0.0000],
         [ 0.0000,  0.0000,  0.0000,  0.0000,  0.0000,  0.0000,  0.0000,
           0.0000,  0.0000,  0.0000,  0.0000,  0.0000],
         [ 0.0000,  0.0000,  0.0000,  0.0000,  0.0000,  0.0000,  0.0000,
           0.0000,  0.0000,  0.0000,  0.0000,  0.0000],
         [ 0.0000,  0.0000,  0.0000,  0.0000,  0.0000,  0.0000,  0.0000,
           0.0000,  0.0000,  0.0000,  0.0000,  0.0000],
         [ 0.0000,  0.0000,  0.0000,  0.0000,  0.0000,  0.0000,  0.0000,
           0.0000,  0.0000,  0.0000,  0.0000,  0.0000],
         [ 0.0000,  0.0000,  0.0000,  0.0000,  0.0000,  0.0000,  0.0000,
           0.0000,  0.0000,  0.0000,  0.0000,  0.0000]],

        [[ 0.0000,  0.0000,  0.0000,  0.0000,  0.0000,  0.0000,  0.0000,
           0.0000,  0.0000,  0.0000,  0.0000,  0.0000],
         [ 0.0000,  0.0000,  0.0000,  0.0000,  0.0000,  0.0000,  0.0000,
           0.0000,  0.0000,  0.0000,  0.0000,  0.0000],
         [ 0.0000,  0.0000,  0.0000,  0.0000,  0.0000,  0.0000,  0.0000,
           0.0000,  0.0000,  0.0000,  0.0000,  0.0000],
         [ 0.0000,  0.0000,  0.0000,  0.0000,  0.0000,  0.0000,  1.1698,
           0.0000,  0.0000,  0.0000,  0.0000,  0.0000],
         [ 0.0000,  0.0000,  0.0000,  0.0000,  0.0000,  0.0000,  0.0000,
           0.0000,  0.0000,  0.0000,  0.0000,  0.0000],
         [ 0.0000,  0.0000,  0.0000,  0.0000,  0.0000,  0.0000,  0.0000,
           0.0000,  0.0000,  0.0000,  0.0000,  0.0000],
         [ 0.0000,  0.0000,  0.0000,  0.0000,  0.0000,  0.0000,  0.0000,
           0.0000,  0.0000,  0.0000,  0.0000,  0.0000],
         [ 0.0000,  0.0000,  0.0000,  0.0000,  0.0000,  0.0000,  0.0000,
           0.0000,  0.0000,  0.0000,  0.0000,  0.0000],
         [ 0.0000,  0.0000,  0.0000,  0.0000,  0.0000,  0.0000,  0.0000,
           0.0000,  0.0000,  0.0000,  0.0000,  0.0000],
         [ 0.0000,  0.0000,  0.0000,  0.0000,  0.0000,  0.0000,  0.0000,
           0.0000,  0.0000,  0.0000,  0.0000,  0.0000],
         [ 0.0000,  0.0000,  0.0000,  0.0000,  0.0000,  0.0000,  0.0000,
           0.0000,  0.0000,  0.0000,  0.0000,  0.0000],
         [ 0.0000,  0.0000,  0.0000,  0.0000,  0.0000,  0.0000,  0.0000,
           0.0000,  0.0000,  0.0000,  0.0000,  0.0000]],

        [[ 0.0000,  0.0000,  0.0000,  0.0000,  0.0000,  0.0000,  0.0000,
           0.0000,  0.0000,  0.0000,  0.0000,  0.0000],
         [ 0.0000,  0.0000,  0.0000,  0.0000,  0.0000,  0.0000,  0.0000,
           0.0000,  0.0000,  0.0000,  0.0000,  0.0000],
         [ 0.0000,  0.0000,  0.0000,  1.1698,  0.0000,  0.0000,  0.0000,
           0.0000,  0.0000,  0.0000,  0.0000,  0.0000],
         [ 0.0000,  0.0000,  0.0000,  0.0000,  0.0000,  0.0000,  0.0000,
           0.0000,  0.0000,  0.0000,  0.0000,  0.0000],
         [ 0.0000,  0.0000,  0.0000,  0.0000,  0.0000,  0.0000,  0.0000,
           0.0000,  0.0000,  0.0000,  0.0000,  0.0000],
         [ 0.0000,  0.0000,  0.0000,  0.0000,  0.0000,  0.0000,  0.0000,
           0.0000,  0.0000,  0.0000,  0.0000,  0.0000],
         [ 0.0000,  0.0000,  0.0000,  0.0000,  0.0000,  0.0000,  0.0000,
           0.0000,  0.0000,  0.0000,  0.0000,  0.0000],
         [ 0.0000,  0.0000,  0.0000,  0.0000,  0.0000,  0.0000,  0.0000,
           0.0000,  0.0000,  0.0000,  0.0000,  0.0000],
         [ 0.0000,  0.0000,  0.0000,  0.0000,  0.0000,  0.0000,  0.0000,
           0.0000,  0.0000,  0.0000,  0.0000,  0.0000],
         [ 0.0000,  0.0000,  0.0000,  0.0000,  0.0000,  0.0000,  0.0000,
           0.0000,  0.0000,  0.0000,  0.0000,  0.0000],
         [ 0.0000,  0.0000,  0.0000,  0.0000,  0.0000,  0.0000,  0.0000,
           0.0000,  0.0000,  0.0000,  0.0000,  0.0000],
         [ 0.0000,  0.0000,  0.0000,  0.0000,  0.0000,  0.0000,  0.0000,
           0.0000,  0.0000,  0.0000,  0.0000,  0.0000]],

        [[ 0.0000,  0.0000,  0.0000,  0.0000,  0.0000,  0.0000,  0.0000,
           0.0000,  0.0000,  0.0000,  0.0000,  0.0000],
         [ 0.0000,  0.0000,  0.0000,  0.0000,  0.0000,  0.0000,  0.0000,
           0.0000,  0.0000,  0.0000,  0.0000,  0.0000],
         [ 0.0000,  0.0000,  0.0000,  0.0000,  0.0000,  0.0000,  0.0000,
           0.0000,  0.0000,  0.0000,  0.0000,  0.0000],
         [ 0.0000,  0.0000,  0.0000,  0.0000,  0.0000,  0.0000,  1.1698,
           0.0000,  0.0000,  0.0000,  0.0000,  0.0000],
         [ 0.0000,  0.0000,  0.0000,  0.0000,  0.0000,  0.0000,  0.0000,
           0.0000,  0.0000,  0.0000,  0.0000,  0.0000],
         [ 0.0000,  0.0000,  0.0000,  0.0000,  0.0000,  0.0000,  0.0000,
           0.0000,  0.0000,  0.0000,  0.0000,  0.0000],
         [ 0.0000,  0.0000,  0.0000,  0.0000,  0.0000,  0.0000,  0.0000,
           0.0000,  0.0000,  0.0000,  0.0000,  0.0000],
         [ 0.0000,  0.0000,  0.0000,  0.0000,  0.0000,  0.0000,  0.0000,
           0.0000,  0.0000,  0.0000,  0.0000,  0.0000],
         [ 0.0000,  0.0000,  0.0000,  0.0000,  0.0000,  0.0000,  0.0000,
           0.0000,  0.0000,  0.0000,  0.0000,  0.0000],
         [ 0.0000,  0.0000,  0.0000,  0.0000,  0.0000,  0.0000,  0.0000,
           0.0000,  0.0000,  0.0000,  0.0000,  0.0000],
         [ 0.0000,  0.0000,  0.0000,  0.0000,  0.0000,  0.0000,  0.0000,
           0.0000,  0.0000,  0.0000,  0.0000,  0.0000],
         [ 0.0000,  0.0000,  0.0000,  0.0000,  0.0000,  0.0000,  0.0000,
           0.0000,  0.0000,  0.0000,  0.0000,  0.0000]],

        [[ 0.0000,  0.0000,  0.0000,  0.0000,  0.0000,  0.0000,  0.0000,
           0.0000,  0.0000,  0.0000,  0.0000,  0.0000],
         [ 0.0000,  0.0000,  0.0000,  0.0000,  0.0000,  0.0000,  0.0000,
           0.0000,  0.0000,  0.0000,  0.0000,  0.0000],
         [ 0.0000,  0.0000,  0.0000,  0.0000,  0.0000,  0.0000,  0.0000,
           0.0000,  0.0000,  0.0000,  0.0000,  0.0000],
         [ 0.0000,  0.0000,  0.0000,  0.0000,  0.0000,  0.0000,  0.0000,
           0.0000,  0.0000,  0.0000,  0.0000,  0.0000],
         [ 0.0000,  0.0000,  0.0000,  0.0000,  0.0000,  0.0000,  0.0000,
           0.0000,  0.0000,  0.0000,  0.0000,  0.0000],
         [ 0.0000,  0.0000,  0.0000,  0.0000,  0.0000,  0.0000,  0.0000,
           0.0000,  0.0000,  0.0000,  0.0000,  0.0000],
         [ 0.0000,  0.0000,  0.0000,  0.0000,  0.0000,  0.0000,  0.0000,
           0.0000,  0.0000,  0.0000,  0.0000,  0.0000],
         [ 0.0000,  0.0000,  0.0000,  0.0000,  0.0000,  0.0000,  0.0000,
           0.0000,  0.0000,  0.0000,  0.0000,  0.0000],
         [ 0.0000,  0.0000,  0.0000,  0.0000,  0.0000,  0.0000,  0.0000,
           0.0000,  0.0000,  0.0000,  0.0000,  0.0000],
         [ 0.0000,  0.0000,  0.0000,  0.0000,  0.0000,  0.0000,  0.0000,
           0.0000,  0.0000,  0.0000,  0.0000,  0.0000],
         [ 0.0000,  0.0000,  0.0000,  0.0000,  0.0000,  0.0000,  0.0000,
           0.0000,  0.0000,  0.0000,  0.0000,  0.0000],
         [ 0.0000,  0.0000,  0.0000,  0.0000,  0.0000,  0.0000,  0.0000,
           0.0000,  0.0000,  0.0000,  0.0000,  0.0000]],

        [[ 0.0000,  0.0000,  0.0000,  0.0000,  0.0000,  0.0000,  0.0000,
           0.0000,  0.0000,  0.0000,  0.0000,  0.0000],
         [ 0.0000,  0.0000,  0.0000,  0.0000,  0.0000,  0.0000,  0.0000,
           0.0000,  0.0000,  0.0000,  0.0000,  0.0000],
         [ 0.0000,  0.0000,  0.0000,  0.0000,  0.0000,  0.0000,  0.0000,
           0.0000,  0.0000,  0.0000,  0.0000,  0.0000],
         [ 0.0000,  0.0000,  0.0000,  0.0000,  0.0000,  0.0000,  0.0000,
           0.0000,  0.0000,  0.0000,  0.0000,  0.0000],
         [ 0.0000,  0.0000,  0.0000,  0.0000,  0.0000,  0.0000,  0.0000,
           0.0000,  0.0000,  0.0000,  0.0000,  0.0000],
         [ 0.0000,  0.0000,  0.0000,  0.0000,  0.0000,  0.0000,  0.0000,
           0.0000,  0.0000,  0.0000,  0.0000,  0.0000],
         [ 0.0000,  0.0000,  0.0000,  0.0000,  0.0000,  0.0000,  0.0000,
           0.0000,  0.0000,  0.0000,  0.0000,  0.0000],
         [ 0.0000,  0.0000,  0.0000,  0.0000,  0.0000,  0.0000,  0.0000,
           0.0000,  0.0000,  0.0000,  0.0000,  0.0000],
         [ 0.0000,  0.0000,  0.0000,  0.0000,  0.0000,  0.0000,  0.0000,
           0.0000,  0.0000,  0.0000,  0.0000,  0.0000],
         [ 0.0000,  0.0000,  0.0000,  0.0000,  0.0000,  0.0000,  0.0000,
           0.0000,  0.0000,  0.0000,  0.0000,  0.0000],
         [ 0.0000,  0.0000,  0.0000,  0.0000,  0.0000,  0.0000,  0.0000,
           0.0000,  0.0000,  0.0000,  0.0000,  0.0000],
         [ 0.0000,  0.0000,  0.0000,  0.0000,  0.0000,  0.0000,  0.0000,
           0.0000,  0.0000,  0.0000,  0.0000,  0.0000]],

        [[ 0.0000,  0.0000,  0.0000,  0.0000,  0.0000,  0.0000,  0.0000,
           0.0000,  0.0000,  0.0000,  0.0000,  0.0000],
         [ 0.0000,  0.0000,  0.0000,  0.0000,  0.0000,  0.0000,  0.0000,
           0.0000,  0.0000,  0.0000,  0.0000,  0.0000],
         [ 0.0000,  0.0000,  0.0000,  0.0000,  0.0000,  0.0000,  0.0000,
           0.0000,  0.0000,  0.0000,  0.0000,  0.0000],
         [ 0.0000,  0.0000,  0.0000,  0.0000,  0.0000,  0.0000,  0.0000,
           0.0000,  0.0000,  0.0000,  0.0000,  0.0000],
         [ 0.0000,  0.0000,  0.0000,  0.0000,  0.0000,  0.0000,  0.0000,
           0.0000,  0.0000,  0.0000,  0.0000,  0.0000],
         [ 0.0000,  0.0000,  0.0000,  0.0000,  0.0000,  0.0000,  0.0000,
           0.0000,  0.0000,  0.0000,  0.0000,  0.0000],
         [ 0.0000,  0.0000,  0.0000,  0.0000,  0.0000,  0.0000,  0.0000,
           0.0000,  0.0000,  0.0000,  0.0000,  0.0000],
         [ 0.0000,  0.0000,  0.0000,  0.0000,  0.0000,  0.0000,  0.0000,
           0.0000,  0.0000,  0.0000,  0.0000,  0.0000],
         [ 0.0000,  0.0000,  0.0000,  0.0000,  0.0000,  0.0000,  0.0000,
           0.0000,  0.0000,  0.0000,  0.0000,  0.0000],
         [ 0.0000,  0.0000,  0.0000,  0.0000,  0.0000,  0.0000,  0.0000,
           0.0000,  0.0000,  0.0000,  0.0000,  0.0000],
         [ 0.0000,  0.0000,  0.0000,  0.0000,  0.0000,  0.0000,  0.0000,
           0.0000,  0.0000,  0.0000,  0.0000,  0.0000],
         [ 0.0000,  0.0000,  0.0000,  0.0000,  0.0000,  0.0000,  0.0000,
           0.0000,  0.0000,  0.0000,  0.0000,  0.0000]],

        [[ 0.0000,  0.0000,  0.0000,  0.0000,  0.0000,  0.0000,  0.0000,
           0.0000,  0.0000,  0.0000,  0.0000,  0.0000],
         [ 0.0000,  0.0000,  0.0000,  0.0000,  0.0000,  0.0000,  0.0000,
           0.0000,  0.0000,  0.0000,  0.0000,  0.0000],
         [ 0.0000,  0.0000,  0.0000,  0.0000,  0.0000,  0.0000,  0.0000,
           0.0000,  0.0000,  0.0000,  0.0000,  0.0000],
         [ 0.0000,  0.0000,  0.0000,  0.0000,  0.0000,  0.0000,  0.0000,
           0.0000,  0.0000,  0.0000,  0.0000,  0.0000],
         [ 0.0000,  0.0000,  0.0000,  0.0000,  0.0000,  0.0000,  0.0000,
           0.0000,  0.0000,  0.0000,  0.0000,  0.0000],
         [ 0.0000,  0.0000,  0.0000,  0.0000,  0.0000,  0.0000,  0.0000,
           0.0000,  0.0000,  0.0000,  0.0000,  0.0000],
         [ 0.0000,  0.0000,  0.0000,  0.0000,  0.0000,  0.0000,  0.0000,
           0.0000,  0.0000,  0.0000,  0.0000,  0.0000],
         [ 0.0000,  0.0000,  0.0000,  0.0000,  0.0000,  0.0000,  0.0000,
           0.0000,  0.0000,  0.0000,  0.0000,  0.0000],
         [ 0.0000,  0.0000,  0.0000,  0.0000,  0.0000,  0.0000,  0.0000,
           0.0000,  0.0000,  0.0000,  0.0000,  0.0000],
         [ 0.0000,  0.0000,  0.0000,  0.0000,  0.0000,  0.0000,  0.0000,
           0.0000,  0.0000,  0.0000,  0.0000,  0.0000],
         [ 0.0000,  0.0000,  0.0000,  0.0000,  0.0000,  0.0000,  0.0000,
           0.0000,  0.0000,  0.0000,  0.0000,  0.0000],
         [ 0.0000,  0.0000,  0.0000,  0.0000,  0.0000,  0.0000,  0.0000,
           0.0000,  0.0000,  0.0000,  0.0000,  0.0000]]])
torch.Size([1, 39])
tensor([5.0000, 7.0000, 9.0000, 0.0000, 5.8132, 0.6150, 0.0000, 0.6150, 0.0000,
        0.6150, 0.0000, 0.6150, 0.0000, 0.6150, 0.0000, 0.6150, 0.0000, 0.6150,
        0.0000, 0.6150, 0.0000, 0.6150, 0.0000, 0.6150, 0.0000, 0.6150, 0.0000,
        0.6150, 0.0000, 0.6150, 0.0000, 0.6150, 0.0000, 0.6150, 0.0000, 0.6150,
        0.0000, 8.0000, 0.0000])
env:  600
model:  546100
env:  700
model:  546200
env:  800
model:  546300
model:  123600
model:  546400
env:  900
model:  546500
env:  1000
model:  546600
env:  1100
model:  546700
env:  1200
model:  123700
model:  546800
env:  1300
model:  546900
env:  1400
model:  547000
model:  547100
env:  1500
model:  547200
env:  1600
model:  123800
model:  547300
env:  1700
model:  547400
env:  1800
model:  547500
env:  1900
model:  547600
env:  2000
model:  547700
model:  123900
model:  547800
env:  2100
model:  547900
env:  2200
model:  548000
env:  2300
model:  548100
env:  2400
model:  124000
model:  548200
env:  2500
model:  548300
env:  2600
model:  548400
model:  548500
env:  2700
model:  548600
env:  2800
model:  124100
model:  548700
env:  2900
model:  548800
env:  3000
model:  548900
env:  3100
model:  549000
env:  3200
model:  124200
model:  549100
env:  3300
model:  549200
model:  549300
env:  3400
model:  549400
env:  3500
-2.99
{'block.minecraft.air': 0.614975664, 'block.minecraft.bedrock': -0.603487106, 'entity.agi_agent_mod.agent': -1.081708134, 'block.minecraft.grass_block': -0.482151991, 'Zombie': 1.16977769, 'block.minecraft.water': 1.90500018, 'block.minecraft.oak_leaves': 0.434101649, 'block.minecraft.oak_log': 0.591699119, 'block.minecraft.cactus': -1.443406364, 'block.minecraft.red_sand': 1.225162458, 'block.minecraft.stone': -1.08902255, 'block.minecraft.dirt': -1.338796396, 'block.minecraft.sea_lantern': -0.195279326, 'block.minecraft.lava': -1.204468619, 'Dev': 0.836413493, 'Experience Orb': -0.165198893, 'Rotten Flesh': -0.457064748, 'item.minecraft.rotten_flesh': 0.274532347, 'Dirt': 1.325630864, 'Red Sand': 0.336805878, 'Drowned': 1.491396103, 'Clay Ball': 0.976091192, 'Copper Ingot': -1.541251537}
model:  549500
env:  3600
model:  124300
model:  549600
env:  3700
model:  549700
env:  3800
model:  549800
env:  3900
model:  549900
model:  550000
env:  4000
model:  124400
model:  550100
env:  4100
model:  550200
env:  4200
model:  550300
env:  4300
model:  550400
env:  4400
model:  124500
model:  550500
env:  4500
model:  550600
model:  550700
env:  4600
model:  550800
env:  4700
model:  550900
env:  4800
model:  124600
model:  551000
env:  4900
model:  551100
env:  5000
model:  551200
env:  100
model:  551300
model:  551400
env:  200
model:  124700
model:  551500
env:  300
model:  551600
env:  400
model:  551700
env:  500
model:  551800
env:  600
model:  124800
model:  551900
env:  700
model:  552000
torch.Size([1, 2, 12, 12, 12])
tensor([[[ 0.0000,  0.0000,  0.0000,  0.0000,  0.0000,  0.0000,  0.0000,
           0.0000,  0.0000,  0.0000,  0.0000,  0.0000],
         [ 0.0000,  0.0000,  0.0000,  0.0000,  0.0000,  0.0000,  0.0000,
           0.0000,  0.0000,  0.0000,  0.0000,  0.0000],
         [ 0.0000,  0.0000,  0.0000,  0.0000,  0.0000,  0.0000,  0.0000,
           0.0000,  0.0000,  0.0000,  0.0000,  0.0000],
         [ 0.0000,  0.0000,  0.0000,  0.0000,  0.0000,  0.0000, -0.6035,
          -0.6035, -0.6035, -0.6035, -0.6035,  0.0000],
         [-0.6035, -0.6035, -0.6035, -0.6035, -0.6035, -0.6035, -0.6035,
          -0.6035, -0.6035, -0.6035, -0.6035,  0.0000],
         [-0.6035, -0.6035, -0.6035, -0.6035, -0.6035, -0.6035, -0.6035,
          -0.6035, -0.6035, -0.6035, -0.6035,  0.0000],
         [-0.6035, -0.6035, -0.6035, -0.6035, -0.6035, -0.6035, -0.6035,
          -0.6035, -0.6035, -0.6035, -0.6035,  0.0000],
         [-0.6035, -0.6035, -0.6035, -0.6035, -0.6035, -0.6035, -0.6035,
          -0.6035, -0.6035, -0.6035, -0.6035,  0.0000],
         [-0.6035, -0.6035, -0.6035, -0.6035, -0.6035, -0.6035, -0.6035,
          -0.6035, -0.6035, -0.6035, -0.6035,  0.0000],
         [-0.6035, -0.6035, -0.6035, -0.6035, -0.6035, -0.6035, -0.6035,
          -0.6035, -0.6035, -0.6035, -0.6035,  0.0000],
         [-0.6035, -0.6035, -0.6035, -0.6035, -0.6035, -0.6035, -0.6035,
          -0.6035, -0.6035, -0.6035, -0.6035,  0.0000],
         [-0.1953,  0.6150,  0.6150,  0.6150,  0.6150,  0.6150,  0.6150,
           0.6150,  0.6150,  0.6150, -0.1953,  0.6150]],

        [[ 0.0000,  0.0000,  0.0000,  0.0000,  0.0000,  0.0000,  0.0000,
           0.0000,  0.0000,  0.0000,  0.0000,  0.0000],
         [ 0.0000,  0.0000,  0.0000,  0.0000,  0.0000,  0.0000,  0.0000,
           0.0000, -1.0890,  0.0000,  0.0000,  0.0000],
         [ 0.0000,  0.0000,  0.0000,  0.0000,  0.0000,  0.0000,  0.0000,
          -1.0890, -1.0890, -1.0890,  0.0000,  0.0000],
         [ 0.0000,  0.0000,  0.0000,  0.0000,  0.0000,  0.0000, -1.0890,
          -1.0890, -1.0890,  1.9050, -0.6035,  0.0000],
         [-0.6035, -0.4822, -0.4822, -0.4822, -0.4822, -0.4822, -1.0890,
           1.9050,  1.9050,  1.9050, -0.6035,  0.0000],
         [-0.6035,  0.6150,  0.6150,  0.6150,  0.6150,  0.6150,  0.6150,
           0.6150,  0.6150,  0.6150, -0.6035,  0.0000],
         [-0.6035,  0.6150,  0.6150,  0.6150,  0.6150,  0.6150,  0.6150,
           0.6150,  0.6150,  0.6150, -0.6035,  0.0000],
         [-0.6035,  0.6150,  0.6150,  0.6150,  0.6150,  0.6150,  0.6150,
           0.6150,  0.6150,  0.6150, -0.6035,  0.0000],
         [-0.6035,  0.6150,  0.6150,  0.6150,  0.6150,  0.6150,  0.6150,
           0.6150,  0.6150,  0.6150, -0.6035,  0.0000],
         [-0.6035,  0.6150,  0.6150,  0.6150,  0.6150,  0.6150,  0.6150,
           0.6150,  0.6150,  0.6150, -0.6035,  0.0000],
         [-0.6035,  0.6150,  0.6150,  0.6150,  0.6150,  0.6150,  0.6150,
           0.6150,  0.6150,  0.6150, -0.6035,  0.0000],
         [ 0.6150,  0.6150,  0.6150,  0.6150,  0.6150,  0.6150,  0.6150,
           0.6150,  0.6150,  0.6150,  0.6150,  0.6150]],

        [[ 0.0000,  0.0000,  0.0000,  0.0000,  0.0000,  0.0000,  0.0000,
           0.0000,  0.0000,  0.0000,  0.0000,  0.0000],
         [ 0.0000,  0.0000,  0.0000, -1.0890, -1.0890, -1.0890,  0.0000,
          -1.0890, -1.0890,  0.0000,  0.0000,  0.0000],
         [ 0.0000,  0.0000,  0.0000, -1.0890, -1.0890, -1.0890,  0.0000,
          -1.0890,  1.9050, -1.0890, -0.6035,  0.0000],
         [ 0.0000,  0.0000,  0.0000, -1.3388, -1.3388, -1.3388, -1.0890,
          -1.0890, -1.0890, -1.0890, -0.6035,  0.0000],
         [ 0.0000, -0.4822, -0.4822, -0.4822, -0.4822, -0.4822, -1.0890,
           1.9050,  1.9050,  1.9050, -0.6035,  0.0000],
         [-0.6035,  0.6150,  0.6150,  0.6150,  0.6150,  0.6150,  0.6150,
           0.6150,  0.6150,  0.6150, -0.6035,  0.0000],
         [-0.6035,  0.6150,  0.6150,  0.6150,  0.6150,  0.6150,  0.6150,
           0.6150,  0.6150,  0.6150, -0.6035,  0.0000],
         [-0.6035,  0.6150,  0.6150,  0.4341,  0.6150,  0.6150,  0.6150,
           0.6150,  0.6150,  0.6150, -0.6035,  0.0000],
         [-0.6035,  0.6150,  0.6150,  0.4341,  0.6150,  0.6150,  0.6150,
           0.6150,  0.6150,  0.6150, -0.6035,  0.0000],
         [-0.6035,  0.6150,  0.6150,  0.6150,  0.6150,  0.6150,  0.6150,
           0.6150,  0.6150,  0.6150, -0.6035,  0.0000],
         [-0.6035,  0.6150,  0.6150,  0.6150,  0.6150,  0.6150,  0.6150,
           0.6150,  0.6150,  0.6150, -0.6035,  0.0000],
         [ 0.6150,  0.6150,  0.6150,  0.6150,  0.6150,  0.6150,  0.6150,
           0.6150,  0.6150,  0.6150,  0.6150,  0.6150]],

        [[ 0.0000,  0.0000,  0.0000, -0.6035,  0.0000,  0.0000,  0.0000,
           0.0000,  0.0000,  0.0000,  0.0000,  0.0000],
         [ 0.0000,  0.0000, -1.0890, -1.2045, -1.2045, -1.0890,  0.0000,
          -1.0890, -1.0890, -1.0890,  0.0000,  0.0000],
         [ 0.0000,  0.0000, -1.0890,  0.6150,  0.6150, -1.0890, -1.0890,
          -1.0890,  1.9050, -1.0890, -0.6035,  0.0000],
         [ 0.0000, -1.3388, -1.3388,  0.6150,  0.6150, -0.4822, -1.3388,
          -1.0890, -1.0890, -1.0890, -0.6035,  0.0000],
         [ 0.0000, -0.4822, -0.4822, -1.3388,  0.6150,  0.6150, -0.4822,
          -1.0890,  1.9050,  1.9050, -0.6035,  0.0000],
         [-0.6035,  0.6150,  0.6150,  0.5917,  0.6150,  0.6150,  0.6150,
           0.6150,  0.6150,  0.6150, -0.6035,  0.0000],
         [-0.6035,  0.6150,  0.6150,  0.5917,  0.6150,  0.6150,  0.6150,
           0.6150,  0.6150,  0.6150, -0.6035,  0.0000],
         [-0.6035,  0.6150,  0.4341,  0.5917,  0.6150,  0.6150,  0.6150,
           0.6150,  0.6150,  0.6150, -0.6035,  0.0000],
         [-0.6035,  0.6150,  0.4341,  0.5917,  0.4341,  0.6150,  0.6150,
           0.6150,  0.6150,  0.6150, -0.6035,  0.0000],
         [-0.6035,  0.6150,  0.6150,  0.4341,  0.6150,  0.6150,  0.6150,
           0.6150,  0.6150,  0.6150, -0.6035,  0.0000],
         [-0.6035,  0.6150,  0.6150,  0.6150,  0.6150,  0.6150,  0.6150,
           0.6150,  0.6150,  0.6150, -0.6035,  0.0000],
         [ 0.6150,  0.6150,  0.6150,  0.6150,  0.6150,  0.6150,  0.6150,
           0.6150,  0.6150,  0.6150,  0.6150,  0.6150]],

        [[ 0.0000,  0.0000,  0.0000, -0.6035, -0.6035,  0.0000,  0.0000,
           0.0000,  0.0000,  0.0000,  0.0000,  0.0000],
         [ 0.0000, -1.0890, -1.0890, -1.2045, -1.2045,  0.0000,  0.0000,
          -1.0890,  0.0000,  0.0000,  0.0000,  0.0000],
         [ 0.0000, -1.0890,  0.6150,  0.6150,  0.6150, -1.0890, -1.0890,
          -1.0890, -1.0890, -1.0890,  0.0000,  0.0000],
         [ 0.0000, -0.4822,  0.6150,  0.6150,  0.6150, -1.3388,  0.6150,
          -0.4822, -1.0890, -1.0890, -0.6035,  0.0000],
         [-0.6035,  0.6150, -0.4822, -0.4822, -0.4822, -0.4822,  1.9050,
           1.9050,  1.9050, -1.0890, -0.6035,  0.0000],
         [-0.6035,  0.6150,  0.6150,  0.6150,  0.6150,  0.6150,  0.6150,
           0.6150,  0.6150,  0.6150, -0.6035,  0.0000],
         [-0.6035,  0.6150,  0.6150,  0.6150,  0.6150,  0.6150,  0.6150,
           0.6150,  0.6150,  0.6150, -0.6035,  0.0000],
         [-0.6035,  0.6150,  0.6150,  0.6150,  0.6150,  0.6150,  0.6150,
           0.6150,  0.6150,  0.6150, -0.6035,  0.0000],
         [-0.6035,  0.6150,  0.6150,  0.6150,  0.6150,  0.6150,  0.6150,
           0.6150,  0.6150,  0.6150, -0.6035,  0.0000],
         [-0.6035,  0.6150,  0.6150,  0.6150,  0.6150,  0.6150,  0.6150,
           0.6150,  0.6150,  0.6150, -0.6035,  0.0000],
         [-0.6035,  0.6150,  0.6150,  0.6150,  0.6150,  0.6150,  0.6150,
           0.6150,  0.6150,  0.6150, -0.6035,  0.0000],
         [ 0.6150,  0.6150,  0.6150,  0.6150,  0.6150,  0.6150,  0.6150,
           0.6150,  0.6150,  0.6150,  0.6150,  0.6150]],

        [[ 0.0000,  0.0000,  0.0000, -0.6035,  0.0000,  0.0000,  0.0000,
           0.0000,  0.0000,  0.0000,  0.0000,  0.0000],
         [ 0.0000,  0.0000, -1.0890, -1.2045, -1.0890,  0.0000,  0.0000,
           0.0000,  0.0000,  0.0000,  0.0000,  0.0000],
         [ 0.0000, -1.0890,  0.6150,  0.6150, -1.0890, -1.0890, -1.0890,
          -1.0890, -1.0890, -1.0890,  0.0000,  0.0000],
         [ 0.0000, -1.3388,  0.6150,  0.6150, -1.3388, -1.3388,  0.6150,
           0.6150,  0.6150, -1.3388,  0.0000,  0.0000],
         [-0.6035, -0.4822,  0.6150,  0.6150, -0.4822, -0.4822,  0.6150,
           1.9050, -0.4822, -0.4822, -0.6035,  0.0000],
         [-0.6035,  0.6150,  0.6150,  0.6150,  0.6150,  0.6150,  0.6150,
           0.6150,  0.6150,  0.6150, -0.6035,  0.0000],
         [-0.6035,  0.6150,  0.6150,  0.6150,  0.6150,  0.6150,  0.6150,
           0.6150,  0.6150,  0.6150, -0.6035,  0.0000],
         [-0.6035,  0.6150,  0.6150,  0.6150,  0.6150,  0.6150,  0.6150,
           0.6150,  0.6150,  0.6150, -0.6035,  0.0000],
         [-0.6035,  0.6150,  0.6150,  0.6150,  0.6150,  0.6150,  0.6150,
           0.6150,  0.6150,  0.6150, -0.6035,  0.0000],
         [-0.6035,  0.6150,  0.6150,  0.6150,  0.6150,  0.6150,  0.6150,
           0.6150,  0.6150,  0.6150, -0.6035,  0.0000],
         [-0.6035,  0.6150,  0.6150,  0.6150,  0.6150,  0.6150,  0.6150,
           0.6150,  0.6150,  0.6150, -0.6035,  0.0000],
         [ 0.6150,  0.6150,  0.6150,  0.6150,  0.6150,  0.6150,  0.6150,
           0.6150,  0.6150,  0.6150,  0.6150,  0.6150]],

        [[ 0.0000,  0.0000,  0.0000, -0.6035,  0.0000,  0.0000,  0.0000,
           0.0000,  0.0000,  0.0000,  0.0000,  0.0000],
         [ 0.0000, -1.0890, -1.0890, -1.0890, -1.0890,  0.0000,  0.0000,
           0.0000,  0.0000,  0.0000,  0.0000,  0.0000],
         [ 0.0000, -1.0890,  0.6150,  0.6150, -1.0890, -1.0890, -1.0890,
          -1.0890, -1.0890,  0.0000,  0.0000,  0.0000],
         [-0.6035, -1.3388,  0.6150,  0.6150,  0.6150,  0.6150, -1.3388,
           1.9050,  1.9050,  0.0000,  0.0000,  0.0000],
         [-0.6035, -0.4822, -0.4822, -0.4822,  0.6150, -0.4822, -0.4822,
           0.6150, -0.4822, -0.4822, -0.6035,  0.0000],
         [-0.6035,  0.6150,  0.6150,  0.6150,  0.6150,  0.6150,  0.6150,
           0.6150,  0.6150,  0.6150, -0.6035,  0.0000],
         [-0.6035,  0.6150,  0.6150,  0.6150,  0.6150,  0.6150,  0.6150,
           0.6150,  0.6150,  0.6150, -0.6035,  0.0000],
         [-0.6035,  0.6150,  0.6150,  0.6150,  0.6150,  0.6150,  0.6150,
           0.6150,  0.6150,  0.6150, -0.6035,  0.0000],
         [-0.6035,  0.6150,  0.6150,  0.6150,  0.6150,  0.6150,  0.6150,
           0.6150,  0.6150,  0.6150, -0.6035,  0.0000],
         [-0.6035,  0.6150,  0.6150,  0.6150,  0.6150,  0.6150,  0.6150,
           0.6150,  0.6150,  0.6150, -0.6035,  0.0000],
         [-0.6035,  0.6150,  0.6150,  0.6150,  0.6150,  0.6150,  0.6150,
           0.6150,  0.6150,  0.6150, -0.6035,  0.0000],
         [ 0.6150,  0.6150,  0.6150,  0.6150,  0.6150,  0.6150,  0.6150,
           0.6150,  0.6150,  0.6150,  0.6150,  0.6150]],

        [[ 0.0000,  0.0000,  0.0000,  0.0000,  0.0000,  0.0000,  0.0000,
           0.0000,  0.0000,  0.0000,  0.0000,  0.0000],
         [-0.6035, -1.0890, -1.0890, -1.0890, -1.0890,  0.0000,  0.0000,
           0.0000,  0.0000,  0.0000,  0.0000,  0.0000],
         [-0.6035, -1.0890,  0.6150,  0.6150, -1.0890, -1.0890,  0.0000,
          -1.0890,  0.0000,  0.0000,  0.0000,  0.0000],
         [-0.6035,  0.6150,  0.6150,  0.6150, -1.3388, -1.3388, -0.4822,
          -1.3388, -1.3388,  0.0000,  0.0000,  0.0000],
         [-0.6035,  0.6150,  0.6150, -0.4822, -0.4822, -0.4822,  0.6150,
           1.2252,  1.2252,  1.2252, -0.6035,  0.0000],
         [-0.6035,  0.6150,  0.6150,  0.6150,  0.6150,  0.6150,  0.6150,
           0.6150,  0.6150,  0.6150, -0.6035,  0.0000],
         [-0.6035,  0.6150,  0.6150,  0.6150,  0.6150,  0.6150,  0.6150,
           0.6150,  0.6150,  0.6150, -0.6035,  0.0000],
         [-0.6035,  0.6150,  0.6150,  0.6150,  0.6150,  0.6150,  0.6150,
           0.6150,  0.6150,  0.6150, -0.6035,  0.0000],
         [-0.6035,  0.6150,  0.6150,  0.6150,  0.6150,  0.6150,  0.6150,
           0.6150,  0.6150,  0.6150, -0.6035,  0.0000],
         [-0.6035,  0.6150,  0.6150,  0.6150,  0.6150,  0.6150,  0.6150,
           0.6150,  0.6150,  0.6150, -0.6035,  0.0000],
         [-0.6035,  0.6150,  0.6150,  0.6150,  0.6150,  0.6150,  0.6150,
           0.6150,  0.6150,  0.6150, -0.6035,  0.0000],
         [ 0.6150,  0.6150,  0.6150,  0.6150,  0.6150,  0.6150,  0.6150,
           0.6150,  0.6150,  0.6150,  0.6150,  0.6150]],

        [[ 0.0000,  0.0000,  0.0000,  0.0000,  0.0000,  0.0000,  0.0000,
           0.0000,  0.0000,  0.0000,  0.0000,  0.0000],
         [-0.6035, -1.0890, -1.0890, -1.0890, -1.0890,  0.0000,  0.0000,
           0.0000,  0.0000,  0.0000,  0.0000,  0.0000],
         [-0.6035,  0.6150,  0.6150,  0.6150, -1.0890,  0.0000,  0.0000,
           0.0000,  0.0000,  0.0000,  0.0000,  0.0000],
         [-0.6035,  0.6150,  0.6150,  0.6150, -1.3388,  0.0000, -1.3388,
           0.0000,  0.0000,  0.0000,  0.0000,  0.0000],
         [-0.6035,  0.6150,  0.6150, -0.4822, -0.4822, -0.4822, -0.4822,
           1.2252,  1.2252,  1.2252, -0.6035,  0.0000],
         [-0.6035,  0.6150,  0.6150,  0.6150,  0.6150,  0.6150,  0.6150,
           0.6150,  0.6150,  0.6150, -0.6035,  0.0000],
         [-0.6035,  0.6150,  0.6150,  0.6150,  0.6150,  0.6150,  0.6150,
           0.6150,  0.6150,  0.6150, -0.6035,  0.0000],
         [-0.6035,  0.6150,  0.6150,  0.6150,  0.6150,  0.6150,  0.6150,
           0.6150,  0.6150,  0.6150, -0.6035,  0.0000],
         [-0.6035,  0.6150,  0.6150,  0.6150,  0.6150,  0.6150,  0.6150,
           0.6150,  0.6150,  0.6150, -0.6035,  0.0000],
         [-0.6035,  0.6150,  0.6150,  0.6150,  0.6150,  0.6150,  0.6150,
           0.6150,  0.6150,  0.6150, -0.6035,  0.0000],
         [-0.6035,  0.6150,  0.6150,  0.6150,  0.6150,  0.6150,  0.6150,
           0.6150,  0.6150,  0.6150, -0.6035,  0.0000],
         [ 0.6150,  0.6150,  0.6150,  0.6150,  0.6150,  0.6150,  0.6150,
           0.6150,  0.6150,  0.6150,  0.6150,  0.6150]],

        [[ 0.0000,  0.0000,  0.0000,  0.0000,  0.0000,  0.0000,  0.0000,
           0.0000,  0.0000,  0.0000,  0.0000,  0.0000],
         [-0.6035, -1.0890, -1.0890, -1.0890,  0.0000,  0.0000,  0.0000,
           0.0000,  0.0000,  0.0000,  0.0000,  0.0000],
         [-0.6035,  0.6150, -1.0890, -1.0890, -1.0890,  0.0000,  0.0000,
           0.0000,  0.0000,  0.0000,  0.0000,  0.0000],
         [-0.6035,  0.6150,  0.6150, -0.4822, -1.3388,  0.0000,  0.0000,
           0.0000, -1.3388, -1.3388,  0.0000,  0.0000],
         [-0.6035,  0.6150,  0.6150,  0.6150, -0.4822, -0.4822, -0.4822,
           1.2252,  0.6150,  1.2252, -0.6035,  0.0000],
         [-0.6035,  0.6150,  0.6150,  0.6150,  0.6150,  0.6150,  0.6150,
           0.6150,  0.6150,  0.6150, -0.6035,  0.0000],
         [-0.6035,  0.6150,  0.6150,  0.6150,  0.6150,  0.6150,  0.6150,
           0.6150,  0.6150,  0.6150, -0.6035,  0.0000],
         [-0.6035,  0.6150,  0.6150,  0.6150,  0.6150,  0.6150,  0.6150,
           0.6150,  0.6150,  0.6150, -0.6035,  0.0000],
         [-0.6035,  0.6150,  0.6150,  0.6150,  0.6150,  0.6150,  0.6150,
           0.6150,  0.6150,  0.6150, -0.6035,  0.0000],
         [-0.6035,  0.6150,  0.6150,  0.6150,  0.6150,  0.6150,  0.6150,
           0.6150,  0.6150,  0.6150, -0.6035,  0.0000],
         [-0.6035,  0.6150,  0.6150,  0.6150,  0.6150,  0.6150,  0.6150,
           0.6150,  0.6150,  0.6150, -0.6035,  0.0000],
         [ 0.6150,  0.6150,  0.6150,  0.6150,  0.6150,  0.6150,  0.6150,
           0.6150,  0.6150,  0.6150,  0.6150,  0.6150]],

        [[ 0.0000,  0.0000,  0.0000,  0.0000,  0.0000,  0.0000,  0.0000,
           0.0000,  0.0000,  0.0000,  0.0000,  0.0000],
         [ 0.0000, -0.6035, -0.6035,  0.0000,  0.0000,  0.0000,  0.0000,
           0.0000,  0.0000,  0.0000,  0.0000,  0.0000],
         [-0.6035, -0.6035, -0.6035, -0.6035,  0.0000,  0.0000,  0.0000,
           0.0000,  0.0000,  0.0000,  0.0000,  0.0000],
         [-0.6035, -0.6035, -0.6035, -0.6035,  0.0000,  0.0000,  0.0000,
           0.0000,  0.0000,  0.0000,  0.0000,  0.0000],
         [-0.6035, -0.6035, -0.6035, -0.6035, -0.6035, -0.6035, -0.6035,
          -0.6035, -0.6035,  0.0000,  0.0000,  0.0000],
         [-0.6035, -0.6035, -0.6035, -0.6035, -0.6035, -0.6035, -0.6035,
          -0.6035, -0.6035, -0.6035, -0.6035,  0.0000],
         [-0.6035, -0.6035, -0.6035, -0.6035, -0.6035, -0.6035, -0.6035,
          -0.6035, -0.6035, -0.6035, -0.6035,  0.0000],
         [-0.6035, -0.6035, -0.6035, -0.6035, -0.6035, -0.6035, -0.6035,
          -0.6035, -0.6035, -0.6035, -0.6035,  0.0000],
         [-0.6035, -0.6035, -0.6035, -0.6035, -0.6035, -0.6035, -0.6035,
          -0.6035, -0.6035, -0.6035, -0.6035,  0.0000],
         [-0.6035, -0.6035, -0.6035, -0.6035, -0.6035, -0.6035, -0.6035,
          -0.6035, -0.6035, -0.6035, -0.6035,  0.0000],
         [-0.6035, -0.6035, -0.6035, -0.6035, -0.6035, -0.6035, -0.6035,
          -0.6035, -0.6035, -0.6035, -0.6035,  0.0000],
         [-0.1953,  0.6150,  0.6150,  0.6150,  0.6150,  0.6150,  0.6150,
           0.6150,  0.6150,  0.6150, -0.1953,  0.6150]],

        [[ 0.0000,  0.0000,  0.0000,  0.0000,  0.0000,  0.0000,  0.0000,
           0.0000,  0.0000,  0.0000,  0.0000,  0.0000],
         [ 0.0000,  0.0000,  0.0000,  0.0000,  0.0000,  0.0000,  0.0000,
           0.0000,  0.0000,  0.0000,  0.0000,  0.0000],
         [ 0.0000,  0.0000,  0.0000,  0.0000,  0.0000,  0.0000,  0.0000,
           0.0000,  0.0000,  0.0000,  0.0000,  0.0000],
         [ 0.0000,  0.0000,  0.0000,  0.0000,  0.0000,  0.0000,  0.0000,
           0.0000,  0.0000,  0.0000,  0.0000,  0.0000],
         [ 0.0000,  0.0000,  0.0000,  0.0000,  0.0000,  0.0000,  0.0000,
           0.0000,  0.0000,  0.0000,  0.0000,  0.0000],
         [ 0.0000,  0.0000,  0.0000,  0.0000,  0.0000,  0.0000,  0.0000,
           0.0000,  0.0000,  0.0000,  0.0000,  0.0000],
         [ 0.0000,  0.0000,  0.0000,  0.0000,  0.0000,  0.0000,  0.0000,
           0.0000,  0.0000,  0.0000,  0.0000,  0.0000],
         [ 0.0000,  0.0000,  0.0000,  0.0000,  0.0000,  0.0000,  0.0000,
           0.0000,  0.0000,  0.0000,  0.0000,  0.0000],
         [ 0.0000,  0.0000,  0.0000,  0.0000,  0.0000,  0.0000,  0.0000,
           0.0000,  0.0000,  0.0000,  0.0000,  0.0000],
         [ 0.0000,  0.0000,  0.0000,  0.0000,  0.0000,  0.0000,  0.0000,
           0.0000,  0.0000,  0.0000,  0.0000,  0.0000],
         [ 0.0000,  0.0000,  0.0000,  0.0000,  0.0000,  0.0000,  0.0000,
           0.0000,  0.0000,  0.0000,  0.0000,  0.0000],
         [ 0.6150,  0.6150,  0.6150,  0.6150,  0.6150,  0.6150,  0.6150,
           0.6150,  0.6150,  0.0000,  0.6150,  0.0000]]])
tensor([[[ 0.0000,  0.0000,  0.0000,  0.0000,  0.0000,  0.0000,  0.0000,
           0.0000,  0.0000,  0.0000,  0.0000,  0.0000],
         [ 0.0000,  0.0000,  0.0000,  0.0000,  0.0000,  0.0000,  0.0000,
           0.0000,  0.0000,  0.0000,  0.0000,  0.0000],
         [ 0.0000,  0.0000,  0.0000,  0.0000,  0.0000,  0.0000,  0.0000,
           0.0000,  0.0000,  0.0000,  0.0000,  0.0000],
         [ 0.0000,  0.0000,  0.0000,  0.0000,  0.0000,  0.0000,  0.0000,
           0.0000,  0.0000,  0.0000,  0.0000,  0.0000],
         [ 0.0000,  0.0000,  0.0000,  0.0000,  0.0000,  0.0000,  0.0000,
           0.0000,  0.0000,  0.0000,  0.0000,  0.0000],
         [ 0.0000,  0.0000,  0.0000,  0.0000,  0.0000,  0.0000,  0.0000,
           0.0000,  0.0000,  0.0000,  0.0000,  0.0000],
         [ 0.0000,  0.0000,  0.0000,  0.0000,  0.0000,  0.0000,  0.0000,
           0.0000,  0.0000,  0.0000,  0.0000,  0.0000],
         [ 0.0000,  0.0000,  0.0000,  0.0000,  0.0000,  0.0000,  0.0000,
           0.0000,  0.0000,  0.0000,  0.0000,  0.0000],
         [ 0.0000,  0.0000,  0.0000,  0.0000,  0.0000,  0.0000,  0.0000,
           0.0000,  0.0000,  0.0000,  0.0000,  0.0000],
         [ 0.0000,  0.0000,  0.0000,  0.0000,  0.0000,  0.0000,  0.0000,
           0.0000,  0.0000,  0.0000,  0.0000,  0.0000],
         [ 0.0000,  0.0000,  0.0000,  0.0000,  0.0000,  0.0000,  0.0000,
           0.0000,  0.0000,  0.0000,  0.0000,  0.0000],
         [ 0.0000,  0.0000,  0.0000,  0.0000,  0.0000,  0.0000,  0.0000,
           0.0000,  0.0000,  0.0000,  0.0000,  0.0000]],

        [[ 0.0000,  0.0000,  0.0000,  0.0000,  0.0000,  0.0000,  0.0000,
           0.0000,  0.0000,  0.0000,  0.0000,  0.0000],
         [ 0.0000,  0.0000,  0.0000,  0.0000,  0.0000,  0.0000,  0.0000,
           0.0000,  0.0000,  0.0000,  0.0000,  0.0000],
         [ 0.0000,  0.0000,  0.0000,  0.0000,  0.0000,  0.0000,  0.0000,
           0.0000,  0.0000,  0.0000,  0.0000,  0.0000],
         [ 0.0000,  0.0000,  0.0000,  0.0000,  0.0000,  0.0000,  0.0000,
           0.0000,  0.0000,  1.1698,  0.0000,  0.0000],
         [ 0.0000,  0.0000,  0.0000,  0.0000,  0.0000,  0.0000,  0.0000,
           0.0000,  0.0000,  1.3256,  0.0000,  0.0000],
         [ 0.0000,  0.0000,  0.0000,  0.0000,  0.0000,  0.0000,  0.0000,
           0.0000,  0.0000,  0.0000,  0.0000,  0.0000],
         [ 0.0000,  0.0000,  0.0000,  0.0000,  0.0000,  0.0000,  0.0000,
           0.0000,  0.0000,  0.0000,  0.0000,  0.0000],
         [ 0.0000,  0.0000,  0.0000,  0.0000,  0.0000,  0.0000,  0.0000,
           0.0000,  0.0000,  0.0000,  0.0000,  0.0000],
         [ 0.0000,  0.0000,  0.0000,  0.0000,  0.0000,  0.0000,  0.0000,
           0.0000,  0.0000,  0.0000,  0.0000,  0.0000],
         [ 0.0000,  0.0000,  0.0000,  0.0000,  0.0000,  0.0000,  0.0000,
           0.0000,  0.0000,  0.0000,  0.0000,  0.0000],
         [ 0.0000,  0.0000,  0.0000,  0.0000,  0.0000,  0.0000,  0.0000,
           0.0000,  0.0000,  0.0000,  0.0000,  0.0000],
         [ 0.0000,  0.0000,  0.0000,  0.0000,  0.0000,  0.0000,  0.0000,
           0.0000,  0.0000,  0.0000,  0.0000,  0.0000]],

        [[ 0.0000,  0.0000,  0.0000,  0.0000,  0.0000,  0.0000,  0.0000,
           0.0000,  0.0000,  0.0000,  0.0000,  0.0000],
         [ 0.0000,  0.0000,  0.0000,  0.0000,  0.0000,  0.0000,  0.0000,
           0.0000,  0.0000,  0.0000,  0.0000,  0.0000],
         [ 0.0000,  0.0000,  0.0000,  0.0000,  0.0000,  0.0000,  0.0000,
           0.0000,  0.0000,  0.0000,  0.0000,  0.0000],
         [ 0.0000,  0.0000,  0.0000,  0.0000,  0.0000,  0.0000,  0.0000,
           0.0000,  0.0000,  0.0000,  0.0000,  0.0000],
         [ 0.0000,  0.0000,  0.0000,  0.0000,  0.0000,  0.0000,  0.0000,
           0.0000,  0.0000,  0.0000,  0.0000,  0.0000],
         [ 0.0000,  0.0000,  0.0000,  0.0000,  0.0000,  0.0000,  0.0000,
           0.0000,  0.0000,  0.0000,  0.0000,  0.0000],
         [ 0.0000,  0.0000,  0.0000,  0.0000,  0.0000,  0.0000, -1.0817,
           0.0000,  0.0000,  0.0000,  0.0000,  0.0000],
         [ 0.0000,  0.0000,  0.0000,  0.0000,  0.0000,  0.0000,  0.0000,
           0.0000,  0.0000,  0.0000,  0.0000,  0.0000],
         [ 0.0000,  0.0000,  0.0000,  0.0000,  0.0000,  0.0000,  0.0000,
           0.0000,  0.0000,  0.0000,  0.0000,  0.0000],
         [ 0.0000,  0.0000,  0.0000,  0.0000,  0.0000,  0.0000,  0.0000,
           0.0000,  0.0000,  0.0000,  0.0000,  0.0000],
         [ 0.0000,  0.0000,  0.0000,  0.0000,  0.0000,  0.0000,  0.0000,
           0.0000,  0.0000,  0.0000,  0.0000,  0.0000],
         [ 0.0000,  0.0000,  0.0000,  0.0000,  0.0000,  0.0000,  0.0000,
           0.0000,  0.0000,  0.0000,  0.0000,  0.0000]],

        [[ 0.0000,  0.0000,  0.0000,  0.0000,  0.0000,  0.0000,  0.0000,
           0.0000,  0.0000,  0.0000,  0.0000,  0.0000],
         [ 0.0000,  0.0000,  0.0000,  0.0000,  0.0000,  0.0000,  0.0000,
           0.0000,  0.0000,  0.0000,  0.0000,  0.0000],
         [ 0.0000,  0.0000,  0.0000,  0.0000,  0.0000,  0.0000,  0.0000,
           0.0000,  0.0000,  0.0000,  0.0000,  0.0000],
         [ 0.0000,  0.0000,  0.0000,  0.0000,  0.0000,  0.0000,  0.0000,
           0.0000,  0.0000,  0.0000,  0.0000,  0.0000],
         [ 0.0000,  0.0000,  0.0000,  0.0000,  0.0000,  0.0000,  0.0000,
           0.0000,  0.0000,  0.0000,  0.0000,  0.0000],
         [ 0.0000,  0.0000,  0.0000,  0.0000,  0.0000,  0.0000,  0.0000,
           0.0000,  0.0000,  0.0000,  0.0000,  0.0000],
         [ 0.0000,  0.0000,  0.0000,  0.0000,  0.0000,  0.0000,  0.0000,
           0.0000,  0.0000,  0.0000,  0.0000,  0.0000],
         [ 0.0000,  0.0000,  0.0000,  0.0000,  0.0000,  0.0000,  0.0000,
           0.0000,  0.0000,  0.0000,  0.0000,  0.0000],
         [ 0.0000,  0.0000,  0.0000,  0.0000,  0.0000,  0.0000,  0.0000,
           0.0000,  0.0000,  0.0000,  0.0000,  0.0000],
         [ 0.0000,  0.0000,  0.0000,  0.0000,  0.0000,  0.0000,  0.0000,
           0.0000,  0.0000,  0.0000,  0.0000,  0.0000],
         [ 0.0000,  0.0000,  0.0000,  0.0000,  0.0000,  0.0000,  0.0000,
           0.0000,  0.0000,  0.0000,  0.0000,  0.0000],
         [ 0.0000,  0.0000,  0.0000,  0.0000,  0.0000,  0.0000,  0.0000,
           0.0000,  0.0000,  0.0000,  0.0000,  0.0000]],

        [[ 0.0000,  0.0000,  0.0000,  0.0000,  0.0000,  0.0000,  0.0000,
           0.0000,  0.0000,  0.0000,  0.0000,  0.0000],
         [ 0.0000,  0.0000,  0.0000,  0.0000,  0.0000,  0.0000,  0.0000,
           0.0000,  0.0000,  0.0000,  0.0000,  0.0000],
         [ 0.0000,  0.0000,  0.0000,  0.0000,  0.0000,  0.0000,  0.0000,
           0.0000,  0.0000,  0.0000,  0.0000,  0.0000],
         [ 0.0000,  0.0000,  0.0000,  0.0000,  0.0000,  0.0000,  0.0000,
           0.0000,  0.0000,  0.0000,  0.0000,  0.0000],
         [ 0.0000,  0.0000,  0.0000,  0.0000,  0.0000,  0.0000,  0.0000,
           1.1698,  0.0000,  0.0000,  0.0000,  0.0000],
         [ 0.0000,  0.0000,  0.0000,  0.0000,  0.0000,  0.0000,  0.0000,
           0.0000,  0.0000,  0.0000,  0.0000,  0.0000],
         [ 0.0000,  0.0000,  0.0000,  0.0000,  0.0000,  0.0000,  0.0000,
           0.0000,  0.0000,  0.0000,  0.0000,  0.0000],
         [ 0.0000,  0.0000,  0.0000,  0.0000,  0.0000,  0.0000,  0.0000,
           0.0000,  0.0000,  0.0000,  0.0000,  0.0000],
         [ 0.0000,  0.0000,  0.0000,  0.0000,  0.0000,  0.0000,  0.0000,
           0.0000,  0.0000,  0.0000,  0.0000,  0.0000],
         [ 0.0000,  0.0000,  0.0000,  0.0000,  0.0000,  0.0000,  0.0000,
           0.0000,  0.0000,  0.0000,  0.0000,  0.0000],
         [ 0.0000,  0.0000,  0.0000,  0.0000,  0.0000,  0.0000,  0.0000,
           0.0000,  0.0000,  0.0000,  0.0000,  0.0000],
         [ 0.0000,  0.0000,  0.0000,  0.0000,  0.0000,  0.0000,  0.0000,
           0.0000,  0.0000,  0.0000,  0.0000,  0.0000]],

        [[ 0.0000,  0.0000,  0.0000,  0.0000,  0.0000,  0.0000,  0.0000,
           0.0000,  0.0000,  0.0000,  0.0000,  0.0000],
         [ 0.0000,  0.0000,  0.0000,  0.0000,  0.0000,  0.0000,  0.0000,
           0.0000,  0.0000,  0.0000,  0.0000,  0.0000],
         [ 0.0000,  0.0000,  0.0000,  0.0000,  0.0000,  0.0000,  0.0000,
           0.0000,  0.0000,  0.0000,  0.0000,  0.0000],
         [ 0.0000,  0.0000,  0.0000,  0.0000,  0.0000,  0.0000,  1.1698,
           0.0000,  0.0000,  0.0000,  0.0000,  0.0000],
         [ 0.0000,  0.0000,  0.0000,  0.0000,  0.0000,  0.0000,  0.0000,
           0.0000,  0.0000,  0.0000,  0.0000,  0.0000],
         [ 0.0000,  0.0000,  0.0000,  0.0000,  0.0000,  0.0000,  0.0000,
           0.0000,  0.0000,  0.0000,  0.0000,  0.0000],
         [ 0.0000,  0.0000,  0.0000,  0.0000,  0.0000,  0.0000,  0.0000,
           0.0000,  0.0000,  0.0000,  0.0000,  0.0000],
         [ 0.0000,  0.0000,  0.0000,  0.0000,  0.0000,  0.0000,  0.0000,
           0.0000,  0.0000,  0.0000,  0.0000,  0.0000],
         [ 0.0000,  0.0000,  0.0000,  0.0000,  0.0000,  0.0000,  0.0000,
           0.0000,  0.0000,  0.0000,  0.0000,  0.0000],
         [ 0.0000,  0.0000,  0.0000,  0.0000,  0.0000,  0.0000,  0.0000,
           0.0000,  0.0000,  0.0000,  0.0000,  0.0000],
         [ 0.0000,  0.0000,  0.0000,  0.0000,  0.0000,  0.0000,  0.0000,
           0.0000,  0.0000,  0.0000,  0.0000,  0.0000],
         [ 0.0000,  0.0000,  0.0000,  0.0000,  0.0000,  0.0000,  0.0000,
           0.0000,  0.0000,  0.0000,  0.0000,  0.0000]],

        [[ 0.0000,  0.0000,  0.0000,  0.0000,  0.0000,  0.0000,  0.0000,
           0.0000,  0.0000,  0.0000,  0.0000,  0.0000],
         [ 0.0000,  0.0000,  0.0000,  0.0000,  0.0000,  0.0000,  0.0000,
           0.0000,  0.0000,  0.0000,  0.0000,  0.0000],
         [ 0.0000,  0.0000,  0.0000,  0.0000,  0.0000,  0.0000,  0.0000,
           0.0000,  0.0000,  0.0000,  0.0000,  0.0000],
         [ 0.0000,  0.0000,  0.0000,  0.0000,  0.0000,  0.0000,  0.0000,
           0.0000,  0.0000,  0.0000,  0.0000,  0.0000],
         [ 0.0000,  0.0000,  0.0000,  0.0000,  0.0000,  0.0000,  0.0000,
           0.0000,  0.0000,  0.0000,  0.0000,  0.0000],
         [ 0.0000,  0.0000,  0.0000,  0.0000,  0.0000,  0.0000,  0.0000,
           0.0000,  0.0000,  0.0000,  0.0000,  0.0000],
         [ 0.0000,  0.0000,  0.0000,  0.0000,  0.0000,  0.0000,  0.0000,
           0.0000,  0.0000,  0.0000,  0.0000,  0.0000],
         [ 0.0000,  0.0000,  0.0000,  0.0000,  0.0000,  0.0000,  0.0000,
           0.0000,  0.0000,  0.0000,  0.0000,  0.0000],
         [ 0.0000,  0.0000,  0.0000,  0.0000,  0.0000,  0.0000,  0.0000,
           0.0000,  0.0000,  0.0000,  0.0000,  0.0000],
         [ 0.0000,  0.0000,  0.0000,  0.0000,  0.0000,  0.0000,  0.0000,
           0.0000,  0.0000,  0.0000,  0.0000,  0.0000],
         [ 0.0000,  0.0000,  0.0000,  0.0000,  0.0000,  0.0000,  0.0000,
           0.0000,  0.0000,  0.0000,  0.0000,  0.0000],
         [ 0.0000,  0.0000,  0.0000,  0.0000,  0.0000,  0.0000,  0.0000,
           0.0000,  0.0000,  0.0000,  0.0000,  0.0000]],

        [[ 0.0000,  0.0000,  0.0000,  0.0000,  0.0000,  0.0000,  0.0000,
           0.0000,  0.0000,  0.0000,  0.0000,  0.0000],
         [ 0.0000,  0.0000,  0.0000,  0.0000,  0.0000,  0.0000,  0.0000,
           0.0000,  0.0000,  0.0000,  0.0000,  0.0000],
         [ 0.0000,  0.0000,  0.0000,  0.0000,  0.0000,  0.0000,  0.0000,
           0.0000,  0.0000,  0.0000,  0.0000,  0.0000],
         [ 0.0000,  1.1698,  0.0000,  0.0000,  0.0000,  0.0000,  1.1698,
           0.0000,  0.0000,  0.0000,  0.0000,  0.0000],
         [ 0.0000,  0.0000,  0.0000,  0.0000,  0.0000,  0.0000,  0.0000,
           0.0000,  0.0000,  0.0000,  0.0000,  0.0000],
         [ 0.0000,  0.0000,  0.0000,  0.0000,  0.0000,  0.0000,  0.0000,
           0.0000,  0.0000,  0.0000,  0.0000,  0.0000],
         [ 0.0000,  0.0000,  0.0000,  0.0000,  0.0000,  0.0000,  0.0000,
           0.0000,  0.0000,  0.0000,  0.0000,  0.0000],
         [ 0.0000,  0.0000,  0.0000,  0.0000,  0.0000,  0.0000,  0.0000,
           0.0000,  0.0000,  0.0000,  0.0000,  0.0000],
         [ 0.0000,  0.0000,  0.0000,  0.0000,  0.0000,  0.0000,  0.0000,
           0.0000,  0.0000,  0.0000,  0.0000,  0.0000],
         [ 0.0000,  0.0000,  0.0000,  0.0000,  0.0000,  0.0000,  0.0000,
           0.0000,  0.0000,  0.0000,  0.0000,  0.0000],
         [ 0.0000,  0.0000,  0.0000,  0.0000,  0.0000,  0.0000,  0.0000,
           0.0000,  0.0000,  0.0000,  0.0000,  0.0000],
         [ 0.0000,  0.0000,  0.0000,  0.0000,  0.0000,  0.0000,  0.0000,
           0.0000,  0.0000,  0.0000,  0.0000,  0.0000]],

        [[ 0.0000,  0.0000,  0.0000,  0.0000,  0.0000,  0.0000,  0.0000,
           0.0000,  0.0000,  0.0000,  0.0000,  0.0000],
         [ 0.0000,  0.0000,  0.0000,  0.0000,  0.0000,  0.0000,  0.0000,
           0.0000,  0.0000,  0.0000,  0.0000,  0.0000],
         [ 0.0000,  0.0000,  0.0000,  0.0000,  0.0000,  0.0000,  0.0000,
           0.0000,  0.0000,  0.0000,  0.0000,  0.0000],
         [ 0.0000,  0.0000,  0.0000,  0.0000,  0.0000,  0.0000,  0.0000,
           0.0000,  0.0000,  0.0000,  0.0000,  0.0000],
         [ 0.0000,  0.0000,  0.0000,  0.0000,  0.0000,  0.0000,  0.0000,
           0.0000,  0.0000,  0.0000,  0.0000,  0.0000],
         [ 0.0000,  0.0000,  0.0000,  0.0000,  0.0000,  0.0000,  0.0000,
           0.0000,  0.0000,  0.0000,  0.0000,  0.0000],
         [ 0.0000,  0.0000,  0.0000,  0.0000,  0.0000,  0.0000,  0.0000,
           0.0000,  0.0000,  0.0000,  0.0000,  0.0000],
         [ 0.0000,  0.0000,  0.0000,  0.0000,  0.0000,  0.0000,  0.0000,
           0.0000,  0.0000,  0.0000,  0.0000,  0.0000],
         [ 0.0000,  0.0000,  0.0000,  0.0000,  0.0000,  0.0000,  0.0000,
           0.0000,  0.0000,  0.0000,  0.0000,  0.0000],
         [ 0.0000,  0.0000,  0.0000,  0.0000,  0.0000,  0.0000,  0.0000,
           0.0000,  0.0000,  0.0000,  0.0000,  0.0000],
         [ 0.0000,  0.0000,  0.0000,  0.0000,  0.0000,  0.0000,  0.0000,
           0.0000,  0.0000,  0.0000,  0.0000,  0.0000],
         [ 0.0000,  0.0000,  0.0000,  0.0000,  0.0000,  0.0000,  0.0000,
           0.0000,  0.0000,  0.0000,  0.0000,  0.0000]],

        [[ 0.0000,  0.0000,  0.0000,  0.0000,  0.0000,  0.0000,  0.0000,
           0.0000,  0.0000,  0.0000,  0.0000,  0.0000],
         [ 0.0000,  0.0000,  0.0000,  0.0000,  0.0000,  0.0000,  0.0000,
           0.0000,  0.0000,  0.0000,  0.0000,  0.0000],
         [ 0.0000,  0.0000,  0.0000,  0.0000,  0.0000,  0.0000,  0.0000,
           0.0000,  0.0000,  0.0000,  0.0000,  0.0000],
         [ 0.0000,  0.0000,  0.0000,  0.0000,  0.0000,  0.0000,  0.0000,
           0.0000,  0.0000,  0.0000,  0.0000,  0.0000],
         [ 0.0000,  0.0000,  0.0000,  0.0000,  0.0000,  0.0000,  0.0000,
           0.0000,  0.0000,  0.0000,  0.0000,  0.0000],
         [ 0.0000,  0.0000,  0.0000,  0.0000,  0.0000,  0.0000,  0.0000,
           0.0000,  0.0000,  0.0000,  0.0000,  0.0000],
         [ 0.0000,  0.0000,  0.0000,  0.0000,  0.0000,  0.0000,  0.0000,
           0.0000,  0.0000,  0.0000,  0.0000,  0.0000],
         [ 0.0000,  0.0000,  0.0000,  0.0000,  0.0000,  0.0000,  0.0000,
           0.0000,  0.0000,  0.0000,  0.0000,  0.0000],
         [ 0.0000,  0.0000,  0.0000,  0.0000,  0.0000,  0.0000,  0.0000,
           0.0000,  0.0000,  0.0000,  0.0000,  0.0000],
         [ 0.0000,  0.0000,  0.0000,  0.0000,  0.0000,  0.0000,  0.0000,
           0.0000,  0.0000,  0.0000,  0.0000,  0.0000],
         [ 0.0000,  0.0000,  0.0000,  0.0000,  0.0000,  0.0000,  0.0000,
           0.0000,  0.0000,  0.0000,  0.0000,  0.0000],
         [ 0.0000,  0.0000,  0.0000,  0.0000,  0.0000,  0.0000,  0.0000,
           0.0000,  0.0000,  0.0000,  0.0000,  0.0000]],

        [[ 0.0000,  0.0000,  0.0000,  0.0000,  0.0000,  0.0000,  0.0000,
           0.0000,  0.0000,  0.0000,  0.0000,  0.0000],
         [ 0.0000,  0.0000,  0.0000,  0.0000,  0.0000,  0.0000,  0.0000,
           0.0000,  0.0000,  0.0000,  0.0000,  0.0000],
         [ 0.0000,  0.0000,  0.0000,  0.0000,  0.0000,  0.0000,  0.0000,
           0.0000,  0.0000,  0.0000,  0.0000,  0.0000],
         [ 0.0000,  0.0000,  0.0000,  0.0000,  0.0000,  0.0000,  0.0000,
           0.0000,  0.0000,  0.0000,  0.0000,  0.0000],
         [ 0.0000,  0.0000,  0.0000,  0.0000,  0.0000,  0.0000,  0.0000,
           0.0000,  0.0000,  0.0000,  0.0000,  0.0000],
         [ 0.0000,  0.0000,  0.0000,  0.0000,  0.0000,  0.0000,  0.0000,
           0.0000,  0.0000,  0.0000,  0.0000,  0.0000],
         [ 0.0000,  0.0000,  0.0000,  0.0000,  0.0000,  0.0000,  0.0000,
           0.0000,  0.0000,  0.0000,  0.0000,  0.0000],
         [ 0.0000,  0.0000,  0.0000,  0.0000,  0.0000,  0.0000,  0.0000,
           0.0000,  0.0000,  0.0000,  0.0000,  0.0000],
         [ 0.0000,  0.0000,  0.0000,  0.0000,  0.0000,  0.0000,  0.0000,
           0.0000,  0.0000,  0.0000,  0.0000,  0.0000],
         [ 0.0000,  0.0000,  0.0000,  0.0000,  0.0000,  0.0000,  0.0000,
           0.0000,  0.0000,  0.0000,  0.0000,  0.0000],
         [ 0.0000,  0.0000,  0.0000,  0.0000,  0.0000,  0.0000,  0.0000,
           0.0000,  0.0000,  0.0000,  0.0000,  0.0000],
         [ 0.0000,  0.0000,  0.0000,  0.0000,  0.0000,  0.0000,  0.0000,
           0.0000,  0.0000,  0.0000,  0.0000,  0.0000]],

        [[ 0.0000,  0.0000,  0.0000,  0.0000,  0.0000,  0.0000,  0.0000,
           0.0000,  0.0000,  0.0000,  0.0000,  0.0000],
         [ 0.0000,  0.0000,  0.0000,  0.0000,  0.0000,  0.0000,  0.0000,
           0.0000,  0.0000,  0.0000,  0.0000,  0.0000],
         [ 0.0000,  0.0000,  0.0000,  0.0000,  0.0000,  0.0000,  0.0000,
           0.0000,  0.0000,  0.0000,  0.0000,  0.0000],
         [ 0.0000,  0.0000,  0.0000,  0.0000,  0.0000,  0.0000,  0.0000,
           0.0000,  0.0000,  0.0000,  0.0000,  0.0000],
         [ 0.0000,  0.0000,  0.0000,  0.0000,  0.0000,  0.0000,  0.0000,
           0.0000,  0.0000,  0.0000,  0.0000,  0.0000],
         [ 0.0000,  0.0000,  0.0000,  0.0000,  0.0000,  0.0000,  0.0000,
           0.0000,  0.0000,  0.0000,  0.0000,  0.0000],
         [ 0.0000,  0.0000,  0.0000,  0.0000,  0.0000,  0.0000,  0.0000,
           0.0000,  0.0000,  0.0000,  0.0000,  0.0000],
         [ 0.0000,  0.0000,  0.0000,  0.0000,  0.0000,  0.0000,  0.0000,
           0.0000,  0.0000,  0.0000,  0.0000,  0.0000],
         [ 0.0000,  0.0000,  0.0000,  0.0000,  0.0000,  0.0000,  0.0000,
           0.0000,  0.0000,  0.0000,  0.0000,  0.0000],
         [ 0.0000,  0.0000,  0.0000,  0.0000,  0.0000,  0.0000,  0.0000,
           0.0000,  0.0000,  0.0000,  0.0000,  0.0000],
         [ 0.0000,  0.0000,  0.0000,  0.0000,  0.0000,  0.0000,  0.0000,
           0.0000,  0.0000,  0.0000,  0.0000,  0.0000],
         [ 0.0000,  0.0000,  0.0000,  0.0000,  0.0000,  0.0000,  0.0000,
           0.0000,  0.0000,  0.0000,  0.0000,  0.0000]]])
torch.Size([1, 39])
tensor([3.0000, 8.0000, 7.0000, 5.7602, 3.1216, 0.6150, 0.0000, 0.6150, 0.0000,
        0.6150, 0.0000, 0.6150, 0.0000, 0.6150, 0.0000, 0.6150, 0.0000, 0.6150,
        0.0000, 0.6150, 0.0000, 0.6150, 0.0000, 0.6150, 0.0000, 0.6150, 0.0000,
        0.6150, 0.0000, 0.6150, 0.0000, 0.6150, 0.0000, 0.6150, 0.0000, 0.6150,
        0.0000, 5.0000, 0.0000])
model:  552100
env:  800
model:  552200
env:  900
model:  552300
env:  1000
model:  124900
model:  552400
env:  1100
model:  552500
env:  1200
model:  552600
env:  1300
PS C:\Users\troop\Desktop\finish.delete.Open Tabs\,Minecraft Agent\Minecraft\forge-1.20.1-47.2.0-mdk\agent> 