[20.0, 0.0]
[0. 0.]
-30.0
[20.  0.]
[0. 0.]
-30.0
[20.  0.]
[0. 0.]
-30.0
[20.  0.]
[17.  0.]
-2.99
[17.  0.]
[20.  0.]
3.01
[20.  0.]
[8. 0.]
-11.99
[8. 0.]
[20.  0.]
12.01
[20.  0.]
[14.  0.]
-5.99
[14.  0.]
[20.  0.]
6.01
[20.  0.]
[14.  0.]
-5.99
[14.  0.]
[20.  0.]
6.01
[20.  0.]
[11.  0.]
-8.99
[11.  0.]
[20.  0.]
9.01
[20.  0.]
[2. 0.]
-17.99
[2. 0.]
[20.  0.]
18.01
[20.  0.]
[2. 0.]
-17.99
[2. 0.]
[8. 0.]
6.01
[8. 0.]
[20.  0.]
12.01
[20.  0.]
[8. 0.]
-11.99
[8. 0.]
[20.  0.]
12.01
[20.  0.]
[8. 0.]
-11.99
[8. 0.]
[20.  0.]
12.01
[20.  0.]
[2. 0.]
-17.99
[2. 0.]
[20.  0.]
18.01
[20.  0.]
[2. 0.]
-17.99
[2. 0.]
[0. 0.]
-12.0
[20.  0.]
[8. 0.]
-11.99
[8. 0.]
[2. 0.]
-5.99
[2. 0.]
[20.  0.]
18.01
----------------------------------
| rollout/            |          |
|    ep_len_mean      | 7        |
|    ep_rew_mean      | -15.4    |
|    exploration_rate | 0.747    |
| time/               |          |
|    episodes         | 940      |
|    fps              | 291      |
|    time_elapsed     | 96       |
|    total_timesteps  | 28141    |
| train/              |          |
|    learning_rate    | 0.001    |
|    loss             | 2.36     |
|    n_updates        | 4535     |
----------------------------------
[20.  0.]
[0. 0.]
-30.0
[20.  0.]
[17.  0.]
-2.99
[17.  0.]
[20.  0.]
3.01
[20.  0.]
[8. 0.]
-11.99
[8. 0.]
[20.  0.]
12.01
[20.  0.]
[11.  0.]
-8.99
[11.  0.]
[20.  0.]
9.01
[20.  0.]
[17.  0.]
-2.99
[17.  0.]
[20.  0.]
3.01
[20.  0.]
[2. 0.]
-17.99
[2. 0.]
[20.  0.]
18.01
[20.  0.]
[8. 0.]
-11.99
[8. 0.]
[20.  0.]
12.01
[20.  0.]
[11.  0.]
-8.99
[11.  0.]
[17.  0.]
6.01
[17.  0.]
[20.  0.]
3.01
[20.  0.]
[2. 0.]
-17.99
[2. 0.]
[20.  0.]
18.01
[20.  0.]
[5. 0.]
-14.99
[5. 0.]
[11.  0.]
6.01
[11.  0.]
[20.  0.]
9.01
[20.  0.]
[14.  0.]
-5.99
[14.  0.]
[20.  0.]
6.01
[20.  0.]
[8. 0.]
-11.99
[8. 0.]
[2. 0.]
-5.99
[2. 0.]
[20.  0.]
18.01
[20.  0.]
[14.  0.]
-5.99
[14.  0.]
[17.  0.]
3.01
[17.  0.]
[20.  0.]
3.01
[20.  0.]
[5. 0.]
-14.99
[5. 0.]
[8. 0.]
3.01
[8. 0.]
[20.  0.]
12.01
[20.  0.]
[2. 0.]
-17.99
[2. 0.]
[14.  0.]
12.01
[14.  0.]
[17.  0.]
3.01
[17.  0.]
[20.  0.]
3.01
[20.  0.]
[17.  0.]
-2.99
[17.  0.]
[20.  0.]
3.01
[20.  0.]
[14.  0.]
-5.99
[14.  0.]
[20.0, 0.0]
6.01
[20.  0.]
[8. 0.]
-11.99
[8. 0.]
[20.  0.]
12.01
[20.  0.]
[2. 0.]
-17.99
[2. 0.]
[17.  0.]
15.01
[17.  0.]
[20.  0.]
3.01
[20.  0.]
[2. 0.]
-17.99
[2. 0.]
[20.  0.]
18.01
[20.  0.]
[14.  0.]
-5.99
[14.  0.]
[20.  0.]
6.01
model:  7700
[20.0, 0.0]
[17.  0.]
-2.99
[17.  0.]
[20.  0.]
3.01
[20.  0.]
[0. 0.]
-30.0
[20.  0.]
[2. 0.]
-17.99
[2. 0.]
[20.  0.]
18.01
[20.  0.]
[8. 0.]
-11.99
[8. 0.]
[20.  0.]
12.01
[20.  0.]
[14.  0.]
-5.99
[14.  0.]
[20.  0.]
6.01
[20.  0.]
[17.  0.]
-2.99
[17.  0.]
[20.  0.]
3.01
[20.  0.]
[0. 0.]
-30.0
[20.  0.]
[2. 0.]
-17.99
[2. 0.]
[20.  0.]
18.01
[20.  0.]
[17.  0.]
-2.99
[17.  0.]
[20.  0.]
3.01
[20.  0.]
[17.  0.]
-2.99
[17.  0.]
[20.  0.]
3.01
[20.  0.]
[17.  0.]
-2.99
[17.  0.]
[20.  0.]
3.01
[20.  0.]
[2. 0.]
-17.99
[2. 0.]
[17.  0.]
15.01
[17.  0.]
[20.  0.]
3.01
[20.  0.]
[14.  0.]
-5.99
[14.  0.]
[20.0, 0.0]
6.01
[20.  0.]
[17.  0.]
-2.99
[17.  0.]
[20.  0.]
3.01
[20.  0.]
[8. 0.]
-11.99
[8. 0.]
[20.  0.]
12.01
[20.  0.]
[8. 0.]
-11.99
[8. 0.]
[20.  0.]
12.01
[20.  0.]
[2. 0.]
-17.99
[2. 0.]
[20.  0.]
18.01
[20.  0.]
[17.  0.]
-2.99
[17.  0.]
[8. 0.]
-8.99
[8. 0.]
[5. 0.]
-2.99
[5. 0.]
[20.  0.]
15.01
[20.  0.]
[0. 0.]
-30.0
----------------------------------
| rollout/            |          |
|    ep_len_mean      | 7.04     |
|    ep_rew_mean      | -13.9    |
|    exploration_rate | 0.746    |
| time/               |          |
|    episodes         | 944      |
|    fps              | 291      |
|    time_elapsed     | 96       |
|    total_timesteps  | 28181    |
| train/              |          |
|    learning_rate    | 0.001    |
|    loss             | 2.73     |
|    n_updates        | 4545     |
----------------------------------
[20.  0.]
[8. 0.]
-11.99
[8. 0.]
[17.  0.]
9.01
[17.  0.]
[20.  0.]
3.01
[20.  0.]
[17.  0.]
-2.99
[17.  0.]
[20.  0.]
3.01
[20.  0.]
[5. 0.]
-14.99
[5. 0.]
[14.  0.]
9.01
[14.  0.]
[20.  0.]
6.01
[20.  0.]
[2. 0.]
-17.99
[2. 0.]
[20.  0.]
18.01
[20.  0.]
[11.  0.]
-8.99
[11.  0.]
[20.0, 0.0]
9.01
[20.  0.]
[14.  0.]
-5.99
[14.  0.]
[20.  0.]
6.01
[20.  0.]
[0. 0.]
-30.0
[14.  0.]
[20.  0.]
6.01
[20.  0.]
[2. 0.]
-17.99
[2. 0.]
[20.  0.]
18.01
[20.  0.]
[17.  0.]
-2.99
[17.  0.]
[20.  0.]
3.01
[20.  0.]
[17.  0.]
-2.99
[17.  0.]
[20.  0.]
3.01
[20.  0.]
[0. 0.]
-30.0
[11.  0.]
[2. 0.]
-8.99
[2. 0.]
[20.  0.]
18.01
[20.  0.]
[2. 0.]
-17.99
[2. 0.]
[20.  0.]
18.01
[20.0, 0.0]
[2. 0.]
-17.99
[2. 0.]
[20.  0.]
18.01
[20.  0.]
[0. 0.]
-30.0
[8. 0.]
[17.  0.]
9.01
[17.  0.]
[20.  0.]
3.01
[20.  0.]
[11.  0.]
-8.99
[11.  0.]
[17.  0.]
6.01
[17.  0.]
[20.  0.]
3.01
[20.  0.]
[5. 0.]
-14.99
[5. 0.]
[20.  0.]
15.01
[20.  0.]
[2. 0.]
-17.99
[2. 0.]
[17.  0.]
15.01
[17.  0.]
[20.  0.]
3.01
[20.  0.]
[5. 0.]
-14.99
[5. 0.]
[20.  0.]
15.01
[20.  0.]
[14.  0.]
-5.99
[14.  0.]
[20.  0.]
6.01
[20.  0.]
[17.  0.]
-2.99
[17.  0.]
[20.  0.]
3.01
[20.  0.]
[0. 0.]
-30.0
[20.  0.]
[17.  0.]
-2.99
[17.  0.]
[8. 0.]
-8.99
[8. 0.]
[20.  0.]
12.01
[20.  0.]
[17.  0.]
-2.99
[17.  0.]
[20.  0.]
3.01
----------------------------------
| rollout/            |          |
|    ep_len_mean      | 6.92     |
|    ep_rew_mean      | -12.7    |
|    exploration_rate | 0.746    |
| time/               |          |
|    episodes         | 948      |
|    fps              | 291      |
|    time_elapsed     | 96       |
|    total_timesteps  | 28205    |
| train/              |          |
|    learning_rate    | 0.001    |
|    loss             | 0.895    |
|    n_updates        | 4551     |
----------------------------------
[20.0, 0.0]
[2. 0.]
-17.99
[2. 0.]
[20.  0.]
18.01
[20.  0.]
[0. 0.]
-30.0
[2. 0.]
[20.  0.]
18.01
[20.  0.]
[11.  0.]
-8.99
[11.  0.]
[20.  0.]
9.01
[20.  0.]
[17.  0.]
-2.99
[17.  0.]
[20.  0.]
3.01
[20.  0.]
[17.  0.]
-2.99
[17.  0.]
[20.0, 0.0]
3.01
[20.  0.]
[2. 0.]
-17.99
[2. 0.]
[11.  0.]
9.01
[11.  0.]
[8. 0.]
-2.99
[8. 0.]
[20.  0.]
12.01
[20.  0.]
[2. 0.]
-17.99
[2. 0.]
[20.  0.]
18.01
[20.  0.]
[17.  0.]
-2.99
[17.  0.]
[20.  0.]
3.01
[20.0, 0.0]
[14.  0.]
-5.99
[14.  0.]
[20.  0.]
6.01
[20.  0.]
[2. 0.]
-17.99
[2. 0.]
[20.  0.]
18.01
[20.  0.]
[14.  0.]
-5.99
[14.  0.]
[20.  0.]
6.01
[20.  0.]
[2. 0.]
-17.99
[2. 0.]
[20.  0.]
18.01
[20.  0.]
[2. 0.]
-17.99
[2. 0.]
[20.  0.]
18.01
[20.  0.]
[5. 0.]
-14.99
[5. 0.]
[2. 0.]
-2.99
[2. 0.]
[20.  0.]
18.01
[20.  0.]
[0. 0.]
-30.0
[20.  0.]
[8. 0.]
-11.99
[8. 0.]
[20.  0.]
12.01
[20.  0.]
[0. 0.]
-30.0
[17.  0.]
[11.  0.]
-5.99
[11.  0.]
[20.  0.]
9.01
[20.  0.]
[2. 0.]
-17.99
[2. 0.]
[20.  0.]
18.01
[20.0, 0.0]
[11.  0.]
-8.99
[11.  0.]
[14.  0.]
3.01
[14.  0.]
[20.  0.]
6.01
[20.  0.]
[14.  0.]
-5.99
[14.  0.]
[20.  0.]
6.01
[20.  0.]
[8. 0.]
-11.99
[8. 0.]
[20.  0.]
12.01
[20.  0.]
[2. 0.]
-17.99
[2. 0.]
[20.  0.]
18.01
[20.  0.]
[17.  0.]
-2.99
[17.  0.]
[14.  0.]
-2.99
[14.  0.]
[20.  0.]
6.01
[20.  0.]
[14.  0.]
-5.99
[14.  0.]
[11.  0.]
-2.99
[11.  0.]
[20.  0.]
9.01
[20.  0.]
[14.  0.]
-5.99
[14.  0.]
[20.  0.]
6.01
[20.  0.]
[5. 0.]
-14.99
[5. 0.]
[20.  0.]
15.01
[20.  0.]
[5. 0.]
-14.99
[5. 0.]
[20.  0.]
15.01
[20.  0.]
[17.  0.]
-2.99
[17.  0.]
[20.  0.]
3.01
[20.  0.]
[14.  0.]
-5.99
[14.  0.]
[20.  0.]
6.01
[20.  0.]
[0. 0.]
-30.0
[20.  0.]
[14.  0.]
-5.99
[14.  0.]
[20.  0.]
6.01
[20.  0.]
[0. 0.]
-30.0
[20.  0.]
[0. 0.]
-30.0
[20.  0.]
[0. 0.]
-30.0
[20.  0.]
[14.  0.]
-5.99
[14.  0.]
[20.  0.]
6.01
[20.  0.]
[5. 0.]
-14.99
[5. 0.]
[20.  0.]
15.01
[20.  0.]
[17.  0.]
-2.99
[17.  0.]
[20.  0.]
3.01
----------------------------------
| rollout/            |          |
|    ep_len_mean      | 7        |
|    ep_rew_mean      | -11.9    |
|    exploration_rate | 0.746    |
| time/               |          |
|    episodes         | 952      |
|    fps              | 291      |
|    time_elapsed     | 97       |
|    total_timesteps  | 28241    |
| train/              |          |
|    learning_rate    | 0.001    |
|    loss             | 2.25     |
|    n_updates        | 4560     |
----------------------------------
[20.0, 0.0]
[2. 0.]
-17.99
[2. 0.]
[20.  0.]
18.01
[20.  0.]
[17.  0.]
-2.99
[17.  0.]
[20.  0.]
3.01
[20.  0.]
[0. 0.]
-30.0
[20.  0.]
[17.  0.]
-2.99
[17.  0.]
[20.  0.]
3.01
[20.  0.]
[14.  0.]
-5.99
[14.  0.]
[20.  0.]
6.01
[20.  0.]
[8. 0.]
-11.99
[8. 0.]
[20.  0.]
12.01
[20.  0.]
[11.  0.]
-8.99
[11.  0.]
[20.  0.]
9.01
[20.  0.]
[8. 0.]
-11.99
[8. 0.]
[20.  0.]
12.01
[20.  0.]
[0. 0.]
-30.0
[20.  0.]
[17.  0.]
-2.99
[17.  0.]
[20.  0.]
3.01
[20.  0.]
[14.  0.]
-5.99
[14.  0.]
[20.  0.]
6.01
[20.  0.]
[14.  0.]
-5.99
[14.  0.]
[20.  0.]
6.01
[20.  0.]
[17.  0.]
-2.99
[17.  0.]
[8. 0.]
-8.99
[8. 0.]
[20.  0.]
12.01
[20.  0.]
[2. 0.]
-17.99
[2. 0.]
[20.0, 0.0]
18.01
[20.0, 0.0]
[14.  0.]
-5.99
[14.  0.]
[20.  0.]
6.01
[20.  0.]
[8. 0.]
-11.99
[8. 0.]
[0. 0.]
-18.0
[20.  0.]
[14.  0.]
-5.99
[14.  0.]
[20.  0.]
6.01
[20.  0.]
[17.  0.]
-2.99
[17.  0.]
[20.  0.]
3.01
[20.  0.]
[14.  0.]
-5.99
[14.  0.]
[5. 0.]
-8.99
[5. 0.]
[20.  0.]
15.01
[20.  0.]
[0. 0.]
-30.0
[20.  0.]
[0. 0.]
-30.0
[20.  0.]
[14.  0.]
-5.99
[14.  0.]
[20.  0.]
6.01
[20.  0.]
[8. 0.]
-11.99
[8. 0.]
[20.  0.]
12.01
[20.  0.]
[2. 0.]
-17.99
[2. 0.]
[20.  0.]
18.01
[20.  0.]
[5. 0.]
-14.99
[5. 0.]
[20.  0.]
15.01
----------------------------------
| rollout/            |          |
|    ep_len_mean      | 6.96     |
|    ep_rew_mean      | -10.8    |
|    exploration_rate | 0.746    |
| time/               |          |
|    episodes         | 956      |
|    fps              | 290      |
|    time_elapsed     | 97       |
|    total_timesteps  | 28261    |
| train/              |          |
|    learning_rate    | 0.001    |
|    loss             | 2.63     |
|    n_updates        | 4565     |
----------------------------------
[20.0, 0.0]
[2. 0.]
-17.99
[2. 0.]
[20.  0.]
18.01
[20.  0.]
[11.  0.]
-8.99
[11.  0.]
[20.  0.]
9.01
[20.  0.]
[0. 0.]
-30.0
[20.  0.]
[0. 0.]
-30.0
[14.  0.]
[20.  0.]
6.01
[20.  0.]
[2. 0.]
-17.99
[2. 0.]
[20.  0.]
18.01
[20.  0.]
[2. 0.]
-17.99
[2. 0.]
[20.  0.]
18.01
[20.  0.]
[0. 0.]
-30.0