 [ 0.  0.  0.  0.]
 [20. 20.  0.  0.]
 [ 2.  2.  0.  0.]
 [ 8.  8.  0.  0.]
 [20. 20.  0.  0.]]
[ 0.01  0.01  0.01  0.01  0.01  0.01  0.01  0.01  0.01  0.    0.01  0.01
 -2.99  0.    0.01  0.01  0.01  0.01  0.    0.01  0.    0.01  0.01  0.01
  0.01]
model:  11047500
[[20. 20.  0.  0.]
 [20. 20.  0.  0.]
 [20. 20.  0.  0.]
 [20. 20.  0.  0.]
 [11. 11.  0.  0.]
 [20. 20.  0.  0.]
 [20. 20.  0.  0.]
 [17. 14.  0.  0.]
 [20. 20.  0.  0.]
 [20. 20.  0.  0.]
 [11. 11.  0.  0.]
 [ 8.  8.  0.  0.]
 [20. 20.  0.  0.]
 [11. 11.  0.  0.]
 [20. 20.  0.  0.]
 [20. 20.  0.  0.]
 [20. 20.  0.  0.]
 [20. 20.  0.  0.]
 [20. 20.  0.  0.]
 [ 5.  5.  0.  0.]
 [20. 20.  0.  0.]
 [ 2.  2.  0.  0.]
 [20. 20.  0.  0.]
 [ 8.  8.  0.  0.]
 [ 0.  0.  0.  0.]]
[ 0.01  0.01  0.01  0.01  0.01  0.01  0.01 -2.99  0.01  0.01  0.01  0.01
  0.01  0.01  0.01  0.01  0.01  0.01  0.01  0.01  0.01  0.01  0.01  0.01
  0.  ]
env:  3300
[[20. 20.  0.  0.]
 [ 0.  0.  0.  0.]
 [ 2.  2.  0.  0.]
 [20. 20.  0.  0.]
 [11. 11.  0.  0.]
 [11. 11.  0.  0.]
 [20. 20.  0.  0.]
 [20. 20.  0.  0.]
 [20. 20.  0.  0.]
 [11. 11.  0.  0.]
 [20. 20.  0.  0.]
 [11.  8.  0.  0.]
 [20. 20.  0.  0.]
 [20. 20.  0.  0.]
 [20. 20.  0.  0.]
 [ 5.  5.  0.  0.]
 [ 0.  0.  0.  0.]
 [14. 14.  0.  0.]
 [14. 14.  0.  0.]
 [ 2.  2.  0.  0.]
 [20. 20.  0.  0.]
 [20. 20.  0.  0.]
 [20. 20.  0.  0.]
 [20. 20.  0.  0.]
 [20. 20.  0.  0.]]
[ 0.01  0.    0.01  0.01  0.01  0.01  0.01  0.01  0.01  0.01  0.01 -2.99
  0.01  0.01  0.01  0.01  0.    0.01  0.01  0.01  0.01  0.01  0.01  0.01
  0.01]
model:  11047600
[[20. 20.  0.  0.]
 [ 0.  0.  0.  0.]
 [ 5.  5.  0.  0.]
 [11. 11.  0.  0.]
 [14. 14.  0.  0.]
 [14. 14.  0.  0.]
 [20. 20.  0.  0.]
 [ 5.  5.  0.  0.]
 [20. 20.  0.  0.]
 [ 0.  0.  0.  0.]
 [ 5.  5.  0.  0.]
 [20. 20.  0.  0.]
 [20. 20.  0.  0.]
 [ 2.  0.  0.  0.]
 [20. 20.  0.  0.]
 [17. 17.  0.  0.]
 [14. 14.  0.  0.]
 [20. 20.  0.  0.]
 [20. 20.  0.  0.]
 [20. 20.  0.  0.]
 [ 0.  0.  0.  0.]
 [14. 14.  0.  0.]
 [ 5.  5.  0.  0.]
 [20. 20.  0.  0.]
 [20. 20.  0.  0.]]
[ 0.01  0.    0.01  0.01  0.01  0.01  0.01  0.01  0.01  0.    0.01  0.01
  0.01 -7.    0.01  0.01  0.01  0.01  0.01  0.01  0.    0.01  0.01  0.01
  0.01]
env:  3400
model:  11047700
model:  2497500